
 RANGULAR
 This program performs angular integration 
 Input file:  rcsf.inp
 Outputfiles: mcp.30, mcp.31, ....
 rangular.log                     

 Block            1 ,  ncf =           10
 Loading CSF file ... Header only
 There are/is            4  relativistic subshells;

 Block            1 ,  ncf =           10
 Loading CSF File for block            1
 There are           10  relativistic CSFs... load complete;

Array output
------------


CSF:  1
IQA:   2  2  0  0
JQSA(1):   0  0  0  0
JQSA(2):   0  0  0  0
JQSA(3):   1  1  1  1
JCUPA:   0  0  0
LAST:   1



CSF:  2
IQA:   2  0  0  2
JQSA(1):   0  0  0  0
JQSA(2):   0  0  0  0
JQSA(3):   1  1  1  1
JCUPA:   0  0  0
LAST:   1



CSF:  3
IQA:   2  0  2  0
JQSA(1):   0  0  0  0
JQSA(2):   0  0  0  0
JQSA(3):   1  1  1  1
JCUPA:   0  0  0
LAST:   1



CSF:  4
IQA:   1  1  0  2
JQSA(1):   1  1  0  0
JQSA(2):   0  0  0  0
JQSA(3):   2  2  1  1
JCUPA:   1  1  0
LAST:   1



CSF:  5
IQA:   1  1  1  1
JQSA(1):   1  1  1  1
JQSA(2):   0  0  0  0
JQSA(3):   2  2  2  4
JCUPA:   3  4  1
LAST:   1



CSF:  6
IQA:   1  1  2  0
JQSA(1):   1  1  0  0
JQSA(2):   0  0  0  0
JQSA(3):   2  2  1  1
JCUPA:   1  0  0
LAST:   1



CSF:  7
IQA:   0  2  0  2
JQSA(1):   0  0  0  0
JQSA(2):   0  0  0  0
JQSA(3):   1  1  1  1
JCUPA:   0  0  0
LAST:   1



CSF:  8
IQA:   0  2  2  0
JQSA(1):   0  0  0  0
JQSA(2):   0  0  0  0
JQSA(3):   1  1  1  1
JCUPA:   0  0  0
LAST:   1



CSF:  9
IQA:   0  0  0  4
JQSA(1):   0  0  0  0
JQSA(2):   0  0  0  0
JQSA(3):   1  1  1  1
JCUPA:   0  0  0
LAST:   1



CSF: 10
IQA:   0  0  2  2
JQSA(1):   0  0  0  0
JQSA(2):   0  0  0  0
JQSA(3):   1  1  1  1
JCUPA:   0  0  0
LAST:   1





JASTRT =  1
JBSTRT =  0
NCF =  10
NPROCS =  1


 JA  JB  K  IA  IB  IC  ID    Tshell    Vshell  
================================================
----------------------------------------------
  1   2  1   2   2   4   4             -0.4714
----------------------------------------------
  2   2  0   4   4   4   4              1.0000
  2   2  2   4   4   4   4              0.2000
----------------------------------------------
  1   3  1   2   2   3   3             -0.3333
----------------------------------------------
  2   3  2   4   4   3   3              0.2828
----------------------------------------------
----------------------------------------------
  1   4  1   1   2   4   4              0.6667
----------------------------------------------
  2   4      1   2            1.4142     
  2   4  0   1   1   1   2              1.4142
  2   4  0   1   4   2   4              2.8284
  2   4  1   1   4   4   2             -0.4714
----------------------------------------------
----------------------------------------------
  4   4  0   1   2   1   2              1.0000
  4   4  0   1   2   2   1              1.0000
  4   4  0   1   4   1   4              2.0000
  4   4  1   1   4   4   1             -0.3333
  4   4  0   2   4   2   4              2.0000
  4   4  1   2   4   4   2             -0.3333
  4   4  0   4   4   4   4              1.0000
  4   4  2   4   4   4   4              0.2000
----------------------------------------------
  1   5  1   1   2   3   4              0.5443
  1   5  1   1   2   4   3             -0.5443
----------------------------------------------
  2   5  1   1   4   3   2             -0.3849
----------------------------------------------
  3   5  1   1   3   4   2              0.5443
----------------------------------------------
  4   5  1   1   4   3   1              0.2722
  4   5  1   2   4   3   2             -0.2722
----------------------------------------------
  5   5  0   1   2   1   2              1.0000
  5   5  0   1   2   2   1             -1.0000
  5   5  0   1   3   1   3              1.0000
  5   5  1   1   3   3   1             -0.1111
  5   5  0   2   3   2   3              1.0000
  5   5  1   2   3   3   2             -0.1111
  5   5  0   1   4   1   4              1.0000
  5   5  1   1   4   4   1              0.1111
  5   5  0   2   4   2   4              1.0000
  5   5  1   2   4   4   2              0.1111
  5   5  0   3   4   3   4              1.0000
  5   5  2   3   4   4   3             -0.2000
----------------------------------------------
  1   6  1   1   2   3   3              0.4714
----------------------------------------------
----------------------------------------------
  3   6      1   2            1.4142     
  3   6  0   1   1   1   2              1.4142
  3   6  0   1   3   2   3              2.8284
  3   6  1   1   3   3   2             -0.4714
----------------------------------------------
  4   6  2   4   4   3   3              0.2828
----------------------------------------------
  5   6  1   1   4   3   1             -0.3849
  5   6  1   2   4   3   2              0.3849
----------------------------------------------
  6   6  0   1   2   1   2              1.0000
  6   6  0   1   2   2   1              1.0000
----------------------------------------------
  1   7  1   1   1   4   4             -0.4714
----------------------------------------------
  2   7  0   1   1   2   2              1.0000
----------------------------------------------
----------------------------------------------
  4   7      1   2            1.4142     
  4   7  0   1   2   2   2              1.4142
  4   7  0   1   4   2   4              2.8284
  4   7  1   1   4   4   2             -0.4714
----------------------------------------------
  5   7  1   1   3   4   2              0.3849
----------------------------------------------
----------------------------------------------
  7   7  0   4   4   4   4              1.0000
  7   7  2   4   4   4   4              0.2000
----------------------------------------------
  1   8  1   1   1   3   3             -0.3333
----------------------------------------------
----------------------------------------------
  3   8  0   1   1   2   2              1.0000
----------------------------------------------
----------------------------------------------
  5   8  1   1   4   3   2             -0.5443
----------------------------------------------
  6   8      1   2            1.4142     
  6   8  0   1   2   2   2              1.4142
  6   8  0   1   3   2   3              2.8284
  6   8  1   1   3   3   2             -0.4714
----------------------------------------------
  7   8  2   4   4   3   3              0.2828
----------------------------------------------
----------------------------------------------
----------------------------------------------
  2   9  1   1   1   4   4             -0.4714
----------------------------------------------
----------------------------------------------
  4   9  1   1   2   4   4             -0.6667
----------------------------------------------
----------------------------------------------
----------------------------------------------
  7   9  1   2   2   4   4             -0.4714
----------------------------------------------
----------------------------------------------
----------------------------------------------
----------------------------------------------
  2  10  1   1   1   3   3             -0.3333
----------------------------------------------
  3  10  1   1   1   4   4             -0.4714
----------------------------------------------
  4  10  1   1   2   3   3             -0.4714
----------------------------------------------
  5  10  1   1   2   3   4              0.3849
  5  10  1   1   2   4   3             -0.3849
----------------------------------------------
  6  10  1   1   2   4   4             -0.6667
----------------------------------------------
  7  10  1   2   2   3   3             -0.3333
----------------------------------------------
  8  10  1   2   2   4   4             -0.4714
----------------------------------------------
  9  10  2   4   4   3   3              0.2828
----------------------------------------------
 10  10  0   4   4   4   4              1.0000
 10  10  2   4   4   4   4              0.2000
----------------------------------------------

           4  T coefficients generated;
          13  V(k=           0 ) coefficients generated;
          37  V(k=           1 ) coefficients generated;
           9  V(k=           2 ) coefficients generated;
           0  V(k=           3 ) coefficients generated;
 Analysing sparse matrix array definition file ...          30
  ... complete; density of non-zero elements of H(DC):          43 /          55
 This part not finished. See outsdampi
 Sorting 4 T coefficients ...          31

From SORT:
 Sorting 13 V(k=0) coefficients ...          32

From SORT:
 Sorting 37 V(k=1) coefficients ...          33

From SORT:
 Sorting 9 V(k=2) coefficients ...          34

From SORT:
 Sorting 0 V(k=3) coefficients ...          35

From SORT:

 Wall time:
        0 seconds

 Finish Date and Time:
   Date (Yr/Mon/Day): 2019/11/30
   Time (Hr/Min/Sec): 16/39/12.701
   Zone: -0800

 RANGULAR: Execution complete.
