Matrix Element Output

 ja jb nt nv
  1  1  0  0

  1  2  0  1
  -0.4714      40

  2  2  0  2
   1.0000      28
   0.2000      47

  1  3  0  1
  -0.3333      37

  2  3  0  1
   0.2828      45

  3  3  0  1
   0.2828      45

  1  4  0  1
   0.6667      36

  2  4  1  3
   1.4142       2
   1.4142       7
   2.8284      17
  -0.4714      36

  3  4  0  3
   1.4142       7
   2.8284      17
  -0.4714      36

  4  4  0  8
   1.0000       8
   1.0000      13
   2.0000      11
  -0.3333      34
   2.0000      21
  -0.3333      40
   1.0000      28
   0.2000      47

  1  5  0  2
   0.5443      32
  -0.5443      35

  2  5  0  2
  -0.3849      32
  -0.5443      35

  3  5  0  2
   0.5443      35
  -0.5443      35

  4  5  0  2
   0.2722      30
  -0.2722      38

  5  5  0 12
   1.0000       8
  -1.0000      13
   1.0000       9
   0.1111      29
   1.0000      19
  -0.1111      37
   1.0000      11
   0.1111      34
   1.0000      21
   0.1111      40
   1.0000      24
  -0.2000      45

  1  6  0  1
   0.4714      31

  2  6  0  1
   0.4714      31

  3  6  1  3
   1.4142       2
   1.4142       7
   2.8284      15
  -0.4714      31

  4  6  0  3
   0.2828      45
   2.8284      15
  -0.4714      31

  5  6  0  3
  -0.3849      30
   0.3849      38
  -0.4714      31

  6  6  0  3
   1.0000       8
   1.0000      13
  -0.4714      31

  1  7  0  1
  -0.4714      34

  2  7  0  1
   1.0000      13

  3  7  0  1
   1.0000      13

  4  7  1  3
   1.4142       2
   1.4142      14
   2.8284      17
  -0.4714      36

  5  7  0  3
   0.3849      35
   2.8284      17
  -0.4714      36

  6  7  0  3
   0.3849      35
   2.8284      17
  -0.4714      36

  7  7  0  3
   1.0000      28
   0.2000      47
  -0.4714      36

  1  8  0  1
  -0.3333      29

  2  8  0  1
  -0.3333      29

  3  8  0  1
   1.0000      13

  4  8  0  1
   1.0000      13

  5  8  0  1
  -0.5443      32

  6  8  1  3
   1.4142       2
   1.4142      14
   2.8284      15
  -0.4714      31

  7  8  0  3
   0.2828      45
   2.8284      15
  -0.4714      31

  8  8  0  3
   0.2828      45
   2.8284      15
  -0.4714      31

  1  9  0  0

  2  9  0  1
  -0.4714      34

  3  9  0  1
  -0.4714      34

  4  9  0  1
  -0.6667      36

  5  9  0  1
  -0.6667      36

  6  9  0  1
  -0.6667      36

  7  9  0  1
  -0.4714      40

  8  9  0  1
  -0.4714      40

  9  9  0  1
  -0.4714      40

  1 10  0  0

  2 10  0  1
  -0.3333      29

  3 10  0  1
  -0.4714      34

  4 10  0  1
  -0.4714      31

  5 10  0  2
   0.3849      32
  -0.3849      35

  6 10  0  2
  -0.6667      36
  -0.3849      35

  7 10  0  2
  -0.3333      37
  -0.3849      35

  8 10  0  2
  -0.4714      40
  -0.3849      35

  9 10  0  2
   0.2828      45
  -0.3849      35

 10 10  0  2
   1.0000      28
   0.2000      47

*


Integral index output

 index   k   ia   ib   ic   id
    2   -1    1    2
    7    0    1    1    1    2
    8    0    1    2    1    2
    9    0    1    3    1    3
   11    0    1    4    1    4
   13    0    1    1    2    2
   14    0    1    2    2    2
   15    0    1    3    2    3
   17    0    1    4    2    4
   19    0    2    3    2    3
   21    0    2    4    2    4
   24    0    3    4    3    4
   28    0    4    4    4    4
   30    1    1    1    3    4
   29    1    1    1    3    3
   31    1    1    2    3    3
   32    1    1    2    3    4
   34    1    1    1    4    4
   35    1    1    2    4    3
   36    1    1    2    4    4
   37    1    2    2    3    3
   38    1    2    2    3    4
   40    1    2    2    4    4
   45    2    3    3    4    4
   47    2    4    4    4    4



Debug version output

 JA  JB  K  IA  IB  IC  ID    Tshell    Vshell  
================================================
----------------------------------------------
  1   2  1   2   2   4   4             -0.4714
----------------------------------------------
  2   2  0   4   4   4   4              1.0000
  2   2  2   4   4   4   4              0.2000
----------------------------------------------
  1   3  1   2   2   3   3             -0.3333
----------------------------------------------
  2   3  2   4   4   3   3              0.2828
----------------------------------------------
----------------------------------------------
  1   4  1   1   2   4   4              0.6667
----------------------------------------------
  2   4      1   2            1.4142     
  2   4  0   1   1   1   2              1.4142
  2   4  0   1   4   2   4              2.8284
  2   4  1   1   4   4   2             -0.4714
----------------------------------------------
----------------------------------------------
  4   4  0   1   2   1   2              1.0000
  4   4  0   1   2   2   1              1.0000
  4   4  0   1   4   1   4              2.0000
  4   4  1   1   4   4   1             -0.3333
  4   4  0   2   4   2   4              2.0000
  4   4  1   2   4   4   2             -0.3333
  4   4  0   4   4   4   4              1.0000
  4   4  2   4   4   4   4              0.2000
----------------------------------------------
  1   5  1   1   2   3   4              0.5443
  1   5  1   1   2   4   3             -0.5443
----------------------------------------------
  2   5  1   1   4   3   2             -0.3849
----------------------------------------------
  3   5  1   1   3   4   2              0.5443
----------------------------------------------
  4   5  1   1   4   3   1              0.2722
  4   5  1   2   4   3   2             -0.2722
----------------------------------------------
  5   5  0   1   2   1   2              1.0000
  5   5  0   1   2   2   1             -1.0000
  5   5  0   1   3   1   3              1.0000
  5   5  1   1   3   3   1             -0.1111
  5   5  0   2   3   2   3              1.0000
  5   5  1   2   3   3   2             -0.1111
  5   5  0   1   4   1   4              1.0000
  5   5  1   1   4   4   1              0.1111
  5   5  0   2   4   2   4              1.0000
  5   5  1   2   4   4   2              0.1111
  5   5  0   3   4   3   4              1.0000
  5   5  2   3   4   4   3             -0.2000
----------------------------------------------
  1   6  1   1   2   3   3              0.4714
----------------------------------------------
----------------------------------------------
  3   6      1   2            1.4142     
  3   6  0   1   1   1   2              1.4142
  3   6  0   1   3   2   3              2.8284
  3   6  1   1   3   3   2             -0.4714
----------------------------------------------
  4   6  2   4   4   3   3              0.2828
----------------------------------------------
  5   6  1   1   4   3   1             -0.3849
  5   6  1   2   4   3   2              0.3849
----------------------------------------------
  6   6  0   1   2   1   2              1.0000
  6   6  0   1   2   2   1              1.0000
----------------------------------------------
  1   7  1   1   1   4   4             -0.4714
----------------------------------------------
  2   7  0   1   1   2   2              1.0000
----------------------------------------------
----------------------------------------------
  4   7      1   2            1.4142     
  4   7  0   1   2   2   2              1.4142
  4   7  0   1   4   2   4              2.8284
  4   7  1   1   4   4   2             -0.4714
----------------------------------------------
  5   7  1   1   3   4   2              0.3849
----------------------------------------------
----------------------------------------------
  7   7  0   4   4   4   4              1.0000
  7   7  2   4   4   4   4              0.2000
----------------------------------------------
  1   8  1   1   1   3   3             -0.3333
----------------------------------------------
----------------------------------------------
  3   8  0   1   1   2   2              1.0000
----------------------------------------------
----------------------------------------------
  5   8  1   1   4   3   2             -0.5443
----------------------------------------------
  6   8      1   2            1.4142     
  6   8  0   1   2   2   2              1.4142
  6   8  0   1   3   2   3              2.8284
  6   8  1   1   3   3   2             -0.4714
----------------------------------------------
  7   8  2   4   4   3   3              0.2828
----------------------------------------------
----------------------------------------------
----------------------------------------------
  2   9  1   1   1   4   4             -0.4714
----------------------------------------------
----------------------------------------------
  4   9  1   1   2   4   4             -0.6667
----------------------------------------------
----------------------------------------------
----------------------------------------------
  7   9  1   2   2   4   4             -0.4714
----------------------------------------------
----------------------------------------------
----------------------------------------------
----------------------------------------------
  2  10  1   1   1   3   3             -0.3333
----------------------------------------------
  3  10  1   1   1   4   4             -0.4714
----------------------------------------------
  4  10  1   1   2   3   3             -0.4714
----------------------------------------------
  5  10  1   1   2   3   4              0.3849
  5  10  1   1   2   4   3             -0.3849
----------------------------------------------
  6  10  1   1   2   4   4             -0.6667
----------------------------------------------
  7  10  1   2   2   3   3             -0.3333
----------------------------------------------
  8  10  1   2   2   4   4             -0.4714
----------------------------------------------
  9  10  2   4   4   3   3              0.2828
----------------------------------------------
 10  10  0   4   4   4   4              1.0000
 10  10  2   4   4   4   4              0.2000
----------------------------------------------

