matrix elements
1  1  0  2
   1.0000     191
  -0.3333     427

  1  2  0  2
  -0.4714     435
   0.2828     619

  2  2  0  4
   1.0000     210
   0.2000     645
  -0.0667     447
  -0.2571     691

*

  1  1  0  2
   1.0000     193
   0.1111     434

  1  2  0  1
   0.3143     428

  2  2  0  2
   1.0000     191
  -0.1111     427

  1  3  0  2
  -0.4472     438
  -0.0894     628

  2  3  0  1
  -0.2530     627

  3  3  0  4
   1.0000     212
   0.1600     647
   0.0400     450
   0.0686     694

  1  4  0  2
   0.0994     437
  -0.1789     620

  2  4  0  2
  -0.3514     435
   0.1265     619

  3  4  0  3
  -0.0800     646
   0.0800     448
   0.1371     692

  4  4  0  4
   1.0000     210
   0.0400     645
   0.0489     447
  -0.1543     691

  1  5  0  2
  -0.1111     431
  -0.2000     619

  2  5  0  1
  -0.3143     429

  3  5  0  2
   0.0894     642
   0.1917     689

  4  5  0  2
   0.1789     641
  -0.0994     441

  5  5  0  2
   1.0000     200
   0.1111     439

*

  1  1  0  2
   1.0000     193
  -0.3333     434

  1  2  0  2
  -0.3055     438
   0.1833     628

  2  2  0  4
   1.0000     212
  -0.0229     647
  -0.1200     450
  -0.0751     694

  1  3  0  2
   0.1333     437
  -0.0800     620

  2  3  0  3
  -0.0524     646
  -0.1222     448
   0.0898     692

  3  3  0  4
   1.0000     210
  -0.1200     645
  -0.0133     447
  -0.0514     691

  1  4  0  2
  -0.3266     432
   0.1960     627

  2  4  0  2
   0.1710     643
  -0.1222     690

  3  4  0  2
  -0.0980     642
   0.1633     442

  4  4  0  2
   1.0000     202
  -0.1429     688

  1  5  0  2
   0.0667     431
  -0.0400     619

  2  5  0  2
  -0.0786     642
   0.0561     689

  3  5  0  2
  -0.0800     641
   0.1333     441

  4  5  0  0

  5  5  0  2
   1.0000     200
  -0.3333     439

*


Integral index output

 index   k   ia   ib   ic   id
  191    0    5    6    5    6
  193    0    5    7    5    7
  200    0    6    8    6    8
  202    0    6    9    6    9
  210    0    7    8    7    8
  212    0    7    9    7    9
  427    1    5    5    6    6
  428    1    5    5    6    7
  429    1    5    6    6    8
  431    1    5    7    6    8
  432    1    5    7    6    9
  434    1    5    5    7    7
  435    1    5    6    7    8
  437    1    5    7    7    8
  438    1    5    7    7    9
  439    1    6    6    8    8
  441    1    6    7    8    8
  442    1    6    7    8    9
  447    1    7    7    8    8
  448    1    7    7    8    9
  450    1    7    7    9    9
  619    2    5    6    8    7
  620    2    5    7    8    7
  627    2    5    6    9    7
  628    2    5    7    9    7
  641    2    6    8    7    8
  642    2    6    8    7    9
  643    2    6    9    7    9
  645    2    7    8    7    8
  646    2    7    8    7    9
  647    2    7    9    7    9
  688    3    6    6    9    9
  689    3    6    7    9    8
  690    3    6    7    9    9
  691    3    7    7    8    8
  692    3    7    7    8    9
  694    3    7    7    9    9



Debug version output:

 JA  JB  K  IA  IB  IC  ID    Tshell    Vshell  
================================================
  1   1  0   5   6   5   6              1.0000
  1   1  1   5   6   6   5             -0.3333
----------------------------------------------
  1   2  1   5   6   7   8             -0.4714
  1   2  2   5   6   8   7              0.2828
----------------------------------------------
  2   2  0   7   8   7   8              1.0000
  2   2  2   7   8   7   8              0.2000
  2   2  1   7   8   8   7             -0.0667
  2   2  3   7   8   8   7             -0.2571
----------------------------------------------



 JA  JB  K  IA  IB  IC  ID    Tshell    Vshell  
================================================
  1   1  0   5   7   5   7              1.0000
  1   1  1   5   7   7   5              0.1111
----------------------------------------------
  1   2  1   5   7   6   5              0.3143
----------------------------------------------
  2   2  0   5   6   5   6              1.0000
  2   2  1   5   6   6   5             -0.1111
----------------------------------------------
  1   3  1   5   7   7   9             -0.4472
  1   3  2   5   7   9   7             -0.0894
----------------------------------------------
  2   3  2   5   6   9   7             -0.2530
----------------------------------------------
  3   3  0   7   9   7   9              1.0000
  3   3  2   7   9   7   9              0.1600
  3   3  1   7   9   9   7              0.0400
  3   3  3   7   9   9   7              0.0686
----------------------------------------------
  1   4  1   5   7   7   8              0.0994
  1   4  2   5   7   8   7             -0.1789
----------------------------------------------
  2   4  1   5   6   7   8             -0.3514
  2   4  2   5   6   8   7              0.1265
----------------------------------------------
  3   4  2   7   9   7   8             -0.0800
  3   4  1   7   9   8   7              0.0800
  3   4  3   7   9   8   7              0.1371
----------------------------------------------
  4   4  0   7   8   7   8              1.0000
  4   4  2   7   8   7   8              0.0400
  4   4  1   7   8   8   7              0.0489
  4   4  3   7   8   8   7             -0.1543
----------------------------------------------
  1   5  1   5   7   6   8             -0.1111
  1   5  2   5   7   8   6             -0.2000
----------------------------------------------
  2   5  1   5   6   6   8             -0.3143
----------------------------------------------
  3   5  2   7   9   6   8              0.0894
  3   5  3   7   9   8   6              0.1917
----------------------------------------------
  4   5  2   7   8   6   8              0.1789
  4   5  1   7   8   8   6             -0.0994
----------------------------------------------
  5   5  0   6   8   6   8              1.0000
  5   5  1   6   8   8   6              0.1111
----------------------------------------------



 JA  JB  K  IA  IB  IC  ID    Tshell    Vshell  
================================================
  1   1  0   5   7   5   7              1.0000
  1   1  1   5   7   7   5             -0.3333
----------------------------------------------
  1   2  1   5   7   7   9             -0.3055
  1   2  2   5   7   9   7              0.1833
----------------------------------------------
  2   2  0   7   9   7   9              1.0000
  2   2  2   7   9   7   9             -0.0229
  2   2  1   7   9   9   7             -0.1200
  2   2  3   7   9   9   7             -0.0751
----------------------------------------------
  1   3  1   5   7   7   8              0.1333
  1   3  2   5   7   8   7             -0.0800
----------------------------------------------
  2   3  2   7   9   7   8             -0.0524
  2   3  1   7   9   8   7             -0.1222
  2   3  3   7   9   8   7              0.0898
----------------------------------------------
  3   3  0   7   8   7   8              1.0000
  3   3  2   7   8   7   8             -0.1200
  3   3  1   7   8   8   7             -0.0133
  3   3  3   7   8   8   7             -0.0514
----------------------------------------------
  1   4  1   5   7   6   9             -0.3266
  1   4  2   5   7   9   6              0.1960
----------------------------------------------
  2   4  2   7   9   6   9              0.1710
  2   4  3   7   9   9   6             -0.1222
----------------------------------------------
  3   4  2   7   8   6   9             -0.0980
  3   4  1   7   8   9   6              0.1633
----------------------------------------------
  4   4  0   6   9   6   9              1.0000
  4   4  3   6   9   9   6             -0.1429
----------------------------------------------
  1   5  1   5   7   6   8              0.0667
  1   5  2   5   7   8   6             -0.0400
----------------------------------------------
  2   5  2   7   9   6   8             -0.0786
  2   5  3   7   9   8   6              0.0561
----------------------------------------------
  3   5  2   7   8   6   8             -0.0800
  3   5  1   7   8   8   6              0.1333
----------------------------------------------
----------------------------------------------
  5   5  0   6   8   6   8              1.0000
  5   5  1   6   8   8   6             -0.3333
----------------------------------------------
