Matrix elements

1  1  0  2
   1.0000     153
  -0.3333     250

*

  1  1  0  2
   1.0000     155
   0.1111     253

  1  2  0  1
   0.3143     251

  2  2  0  2
   1.0000     153
  -0.2000     250

*

  1  1  0  2
   1.0000     155
   0.3333     253

*



Integral index output

 index   k   ia   ib   ic   id
  153    0    5    6    5    6
  155    0    5    7    5    7
  250    1    5    5    6    6
  251    1    5    5    6    7
  253    1    5    5    7    7



Output from debug version:

 JA  JB  K  IA  IB  IC  ID    Tshell    Vshell  
================================================
  1   1  0   5   6   5   6              1.0000
  1   1  1   5   6   6   5             -0.3333
----------------------------------------------


 JA  JB  K  IA  IB  IC  ID    Tshell    Vshell  
================================================
  1   1  0   5   7   5   7              1.0000
  1   1  1   5   7   7   5              0.1111
----------------------------------------------
  1   2  1   5   7   6   5              0.3143
----------------------------------------------
  2   2  0   5   6   5   6              1.0000
  2   2  1   5   6   6   5             -0.1111
----------------------------------------------


 JA  JB  K  IA  IB  IC  ID    Tshell    Vshell  
================================================
  1   1  0   5   7   5   7              1.0000
  1   1  1   5   7   7   5             -0.3333
----------------------------------------------


