Matrix elements

1  1  0  4
   1.0000    2223
   0.2381    9520
   0.1169   11343
   0.0583   11398

  1  2  0  3
   0.0330    9491
   0.0750   11323
   0.2019   11396

  2  2  0  3
   1.0000    2209
   0.2286    9480
   0.0952   11315

*

  1  1  0  6
   1.0000    2211
   0.2041    9484
   0.0612   11319
  -0.0041    9491
  -0.0309   11323
  -0.1748   11396

*

  1  1  0  4
   1.0000    2223
   0.1111    9520
  -0.0390   11343
  -0.0194   11398

  1  2  0  3
   0.0778    9494
   0.0424   11326
  -0.0952   11397

  2  2  0  6
   1.0000    2211
   0.0952    9484
  -0.0476   11319
   0.0108    9491
   0.0433   11323
  -0.0971   11396

  1  3  0  3
   0.0135    9491
  -0.0367   11323
   0.0824   11396

  2  3  0  3
  -0.0792    9481
  -0.0367   11323
   0.0824   11396

  3  3  0  3
   1.0000    2209
   0.0229    9480
  -0.0476   11315

*

  1  1  0  6
   1.0000    2211
  -0.0272    9484
  -0.0272   11319
  -0.0172    9491
  -0.0031   11323
  -0.0389   11396

*

  1  1  0  4
   1.0000    2223
  -0.0794    9520
   0.0130   11343
  -0.0194   11398

  1  2  0  3
   0.0402    9494
  -0.0448   11326
  -0.0223   11397

  2  2  0  6
   1.0000    2211
  -0.1143    9484
   0.0519   11319
   0.0190    9491
  -0.0371   11323
  -0.0106   11396

  1  3  0  3
  -0.0149    9491
   0.0369   11323
   0.0083   11396

  2  3  0  3
  -0.0428   11316
   0.0369   11323
   0.0083   11396

  3  3  0  3
   1.0000    2209
  -0.1143    9480
  -0.0159   11315

*

  1  1  0  6
   1.0000    2211
  -0.1007    9484
  -0.0254   11319
  -0.0104    9491
  -0.0215   11323
  -0.0018   11396

*

  1  1  0  4
   1.0000    2223
  -0.0794    9520
  -0.0390   11343
  -0.0015   11398

  1  2  0  3
  -0.0778    9494
  -0.0193   11326
  -0.0007   11397

  2  2  0  6
   1.0000    2211
   0.0952    9484
   0.0043   11319
  -0.0159    9491
  -0.0039   11323
  -0.0001   11396

*


Integral index output

 index   k   ia   ib   ic   id
  2209   0   15   15   15   15
  2211   0   15   16   15   16
  2223   0   16   16   16   16
  9480   2   15   15   15   15
  9481   2   15   15   15   16
  9484   2   15   16   15   16
  9491   2   15   15   16   16
  9494   2   15   16   16   16
  9520   2   16   16   16   16
 11315   4   15   15   15   15
 11316   4   15   15   15   16
 11319   4   15   16   15   16
 11323   4   15   15   16   16
 11326   4   15   16   16   16
 11343   4   16   16   16   16
 11396   6   15   15   16   16
 11397   6   15   16   16   16
 11398   6   16   16   16   16




Output from debug version:

 JA  JB  K  IA  IB  IC  ID    Tshell    Vshell  
================================================
  1   1  0  16  16  16  16              1.0000
  1   1  2  16  16  16  16              0.2381
  1   1  4  16  16  16  16              0.1169
  1   1  6  16  16  16  16              0.0583
----------------------------------------------
  1   2  2  16  16  15  15              0.0330
  1   2  4  16  16  15  15              0.0750
  1   2  6  16  16  15  15              0.2019
----------------------------------------------
  2   2  0  15  15  15  15              1.0000
  2   2  2  15  15  15  15              0.2286
  2   2  4  15  15  15  15              0.0952
----------------------------------------------



 JA  JB  K  IA  IB  IC  ID    Tshell    Vshell  
================================================
  1   1  0  15  16  15  16              1.0000
  1   1  2  15  16  15  16              0.2041
  1   1  4  15  16  15  16              0.0612
  1   1  2  15  16  16  15             -0.0041
  1   1  4  15  16  16  15             -0.0309
  1   1  6  15  16  16  15             -0.1748
----------------------------------------------



 JA  JB  K  IA  IB  IC  ID    Tshell    Vshell  
================================================
  1   1  0  16  16  16  16              1.0000
  1   1  2  16  16  16  16              0.1111
  1   1  4  16  16  16  16             -0.0390
  1   1  6  16  16  16  16             -0.0194
----------------------------------------------
  1   2  2  16  16  15  16              0.0778
  1   2  4  16  16  15  16              0.0424
  1   2  6  16  16  15  16             -0.0952
----------------------------------------------
  2   2  0  15  16  15  16              1.0000
  2   2  2  15  16  15  16              0.0952
  2   2  4  15  16  15  16             -0.0476
  2   2  2  15  16  16  15              0.0108
  2   2  4  15  16  16  15              0.0433
  2   2  6  15  16  16  15             -0.0971
----------------------------------------------
  1   3  2  16  16  15  15              0.0135
  1   3  4  16  16  15  15             -0.0367
  1   3  6  16  16  15  15              0.0824
----------------------------------------------
  2   3  2  15  16  15  15             -0.0792
----------------------------------------------
  3   3  0  15  15  15  15              1.0000
  3   3  2  15  15  15  15              0.0229
  3   3  4  15  15  15  15             -0.0476
----------------------------------------------



 JA  JB  K  IA  IB  IC  ID    Tshell    Vshell  
================================================
  1   1  0  15  16  15  16              1.0000
  1   1  2  15  16  15  16             -0.0272
  1   1  4  15  16  15  16             -0.0272
  1   1  2  15  16  16  15             -0.0172
  1   1  4  15  16  16  15             -0.0031
  1   1  6  15  16  16  15             -0.0389
----------------------------------------------



 JA  JB  K  IA  IB  IC  ID    Tshell    Vshell  
================================================
  1   1  0  16  16  16  16              1.0000
  1   1  2  16  16  16  16             -0.0794
  1   1  4  16  16  16  16              0.0130
  1   1  6  16  16  16  16             -0.0194
----------------------------------------------
  1   2  2  16  16  15  16              0.0402
  1   2  4  16  16  15  16             -0.0448
  1   2  6  16  16  15  16             -0.0223
----------------------------------------------
  2   2  0  15  16  15  16              1.0000
  2   2  2  15  16  15  16             -0.1143
  2   2  4  15  16  15  16              0.0519
  2   2  2  15  16  16  15              0.0190
  2   2  4  15  16  16  15             -0.0371
  2   2  6  15  16  16  15             -0.0106
----------------------------------------------
  1   3  2  16  16  15  15             -0.0149
  1   3  4  16  16  15  15              0.0369
  1   3  6  16  16  15  15              0.0083
----------------------------------------------
  2   3  4  15  16  15  15             -0.0428
----------------------------------------------
  3   3  0  15  15  15  15              1.0000
  3   3  2  15  15  15  15             -0.1143
  3   3  4  15  15  15  15             -0.0159
----------------------------------------------



 JA  JB  K  IA  IB  IC  ID    Tshell    Vshell  
================================================
  1   1  0  15  16  15  16              1.0000
  1   1  2  15  16  15  16             -0.1007
  1   1  4  15  16  15  16             -0.0254
  1   1  2  15  16  16  15             -0.0104
  1   1  4  15  16  16  15             -0.0215
  1   1  6  15  16  16  15             -0.0018
----------------------------------------------



 JA  JB  K  IA  IB  IC  ID    Tshell    Vshell  
================================================
  1   1  0  16  16  16  16              1.0000
  1   1  2  16  16  16  16             -0.0794
  1   1  4  16  16  16  16             -0.0390
  1   1  6  16  16  16  16             -0.0015
----------------------------------------------
  1   2  2  16  16  15  16             -0.0778
  1   2  4  16  16  15  16             -0.0193
  1   2  6  16  16  15  16             -0.0007
----------------------------------------------
  2   2  0  15  16  15  16              1.0000
  2   2  2  15  16  15  16              0.0952
  2   2  4  15  16  15  16              0.0043
  2   2  2  15  16  16  15             -0.0159
  2   2  4  15  16  16  15             -0.0039
  2   2  6  15  16  16  15             -0.0001
----------------------------------------------

