OOGRWF


  npx:    400
  h:      0.781250D-02


   state:    1s 
  energy:    0.5000D+00


      r          p( 1s )       q( 1s )
  0.0000D+00    0.0000D+00   -0.0000D+00
  0.7812D-02    0.1551D-01   -0.5657D-04
  0.1569D-01    0.3089D-01   -0.1127D-03
  0.2362D-01    0.4614D-01   -0.1684D-03
  0.3162D-01    0.6127D-01   -0.2236D-03
  0.3968D-01    0.7627D-01   -0.2783D-03
  0.4780D-01    0.9115D-01   -0.3326D-03
  0.5599D-01    0.1059D+00   -0.3863D-03
  0.6424D-01    0.1205D+00   -0.4396D-03
  0.7255D-01    0.1350D+00   -0.4924D-03
  0.8093D-01    0.1493D+00   -0.5447D-03
  0.8937D-01    0.1635D+00   -0.5965D-03
  0.9789D-01    0.1775D+00   -0.6477D-03
  0.1065D+00    0.1914D+00   -0.6985D-03
  0.1151D+00    0.2052D+00   -0.7487D-03
  0.1238D+00    0.2188D+00   -0.7984D-03
  0.1326D+00    0.2323D+00   -0.8475D-03
  0.1414D+00    0.2456D+00   -0.8961D-03
  0.1504D+00    0.2588D+00   -0.9441D-03
  0.1594D+00    0.2718D+00   -0.9916D-03
  0.1684D+00    0.2846D+00   -0.1039D-02
  0.1775D+00    0.2973D+00   -0.1085D-02
  0.1867D+00    0.3099D+00   -0.1131D-02
  0.1960D+00    0.3223D+00   -0.1176D-02
  0.2054D+00    0.3345D+00   -0.1220D-02
  0.2148D+00    0.3465D+00   -0.1264D-02
  0.2243D+00    0.3584D+00   -0.1308D-02
  0.2338D+00    0.3702D+00   -0.1351D-02
  0.2435D+00    0.3817D+00   -0.1393D-02
  0.2532D+00    0.3931D+00   -0.1434D-02
  0.2630D+00    0.4043D+00   -0.1475D-02
  0.2728D+00    0.4154D+00   -0.1516D-02
  0.2828D+00    0.4263D+00   -0.1555D-02
  0.2928D+00    0.4370D+00   -0.1594D-02
  0.3029D+00    0.4475D+00   -0.1633D-02
  0.3131D+00    0.4579D+00   -0.1671D-02
  0.3233D+00    0.4680D+00   -0.1708D-02
  0.3337D+00    0.4780D+00   -0.1744D-02
  0.3441D+00    0.4878D+00   -0.1780D-02
  0.3546D+00    0.4975D+00   -0.1815D-02
  0.3652D+00    0.5069D+00   -0.1850D-02
  0.3758D+00    0.5162D+00   -0.1883D-02
  0.3866D+00    0.5253D+00   -0.1917D-02
  0.3974D+00    0.5342D+00   -0.1949D-02
  0.4083D+00    0.5429D+00   -0.1981D-02
  0.4193D+00    0.5514D+00   -0.2012D-02
  0.4304D+00    0.5598D+00   -0.2042D-02
  0.4416D+00    0.5679D+00   -0.2072D-02
  0.4529D+00    0.5759D+00   -0.2101D-02
  0.4642D+00    0.5837D+00   -0.2130D-02
  0.4757D+00    0.5912D+00   -0.2157D-02
  0.4872D+00    0.5986D+00   -0.2184D-02
  0.4988D+00    0.6058D+00   -0.2210D-02
  0.5105D+00    0.6128D+00   -0.2236D-02
  0.5223D+00    0.6196D+00   -0.2261D-02
  0.5342D+00    0.6262D+00   -0.2285D-02
  0.5462D+00    0.6327D+00   -0.2308D-02
  0.5583D+00    0.6389D+00   -0.2331D-02
  0.5705D+00    0.6449D+00   -0.2353D-02
  0.5827D+00    0.6508D+00   -0.2374D-02
  0.5951D+00    0.6564D+00   -0.2395D-02
  0.6075D+00    0.6619D+00   -0.2415D-02
  0.6201D+00    0.6671D+00   -0.2434D-02
  0.6328D+00    0.6722D+00   -0.2453D-02
  0.6455D+00    0.6770D+00   -0.2470D-02
  0.6584D+00    0.6817D+00   -0.2487D-02
  0.6713D+00    0.6861D+00   -0.2504D-02
  0.6844D+00    0.6904D+00   -0.2519D-02
  0.6975D+00    0.6945D+00   -0.2534D-02
  0.7108D+00    0.6984D+00   -0.2548D-02
  0.7242D+00    0.7021D+00   -0.2562D-02
  0.7376D+00    0.7055D+00   -0.2574D-02
  0.7512D+00    0.7088D+00   -0.2586D-02
  0.7649D+00    0.7119D+00   -0.2598D-02
  0.7787D+00    0.7149D+00   -0.2608D-02
  0.7926D+00    0.7176D+00   -0.2618D-02
  0.8066D+00    0.7201D+00   -0.2627D-02
  0.8207D+00    0.7224D+00   -0.2636D-02
  0.8349D+00    0.7246D+00   -0.2644D-02
  0.8493D+00    0.7265D+00   -0.2651D-02
  0.8637D+00    0.7283D+00   -0.2657D-02
  0.8783D+00    0.7298D+00   -0.2663D-02
  0.8929D+00    0.7312D+00   -0.2668D-02
  0.9077D+00    0.7324D+00   -0.2672D-02
  0.9226D+00    0.7334D+00   -0.2676D-02
  0.9377D+00    0.7343D+00   -0.2679D-02
  0.9528D+00    0.7349D+00   -0.2681D-02
  0.9681D+00    0.7354D+00   -0.2683D-02
  0.9834D+00    0.7357D+00   -0.2684D-02
  0.9989D+00    0.7358D+00   -0.2685D-02
  0.1015D+01    0.7357D+00   -0.2684D-02
  0.1030D+01    0.7354D+00   -0.2683D-02
  0.1046D+01    0.7350D+00   -0.2682D-02
  0.1062D+01    0.7344D+00   -0.2680D-02
  0.1078D+01    0.7336D+00   -0.2677D-02
  0.1094D+01    0.7327D+00   -0.2673D-02
  0.1111D+01    0.7316D+00   -0.2669D-02
  0.1127D+01    0.7303D+00   -0.2665D-02
  0.1144D+01    0.7288D+00   -0.2659D-02
  0.1161D+01    0.7272D+00   -0.2653D-02
  0.1178D+01    0.7254D+00   -0.2647D-02
  0.1195D+01    0.7235D+00   -0.2640D-02
  0.1212D+01    0.7214D+00   -0.2632D-02
  0.1229D+01    0.7192D+00   -0.2624D-02
  0.1246D+01    0.7168D+00   -0.2615D-02
  0.1264D+01    0.7142D+00   -0.2606D-02
  0.1282D+01    0.7115D+00   -0.2596D-02
  0.1299D+01    0.7087D+00   -0.2586D-02
  0.1317D+01    0.7057D+00   -0.2575D-02
  0.1336D+01    0.7025D+00   -0.2563D-02
  0.1354D+01    0.6992D+00   -0.2551D-02
  0.1372D+01    0.6958D+00   -0.2539D-02
  0.1391D+01    0.6923D+00   -0.2526D-02
  0.1409D+01    0.6886D+00   -0.2512D-02
  0.1428D+01    0.6848D+00   -0.2499D-02
  0.1447D+01    0.6808D+00   -0.2484D-02
  0.1466D+01    0.6768D+00   -0.2469D-02
  0.1486D+01    0.6726D+00   -0.2454D-02
  0.1505D+01    0.6683D+00   -0.2438D-02
  0.1525D+01    0.6638D+00   -0.2422D-02
  0.1544D+01    0.6593D+00   -0.2406D-02
  0.1564D+01    0.6546D+00   -0.2389D-02
  0.1584D+01    0.6499D+00   -0.2371D-02
  0.1604D+01    0.6450D+00   -0.2353D-02
  0.1625D+01    0.6400D+00   -0.2335D-02
  0.1645D+01    0.6349D+00   -0.2317D-02
  0.1666D+01    0.6298D+00   -0.2298D-02
  0.1687D+01    0.6245D+00   -0.2279D-02
  0.1708D+01    0.6191D+00   -0.2259D-02
  0.1729D+01    0.6137D+00   -0.2239D-02
  0.1750D+01    0.6081D+00   -0.2219D-02
  0.1772D+01    0.6025D+00   -0.2198D-02
  0.1793D+01    0.5968D+00   -0.2178D-02
  0.1815D+01    0.5910D+00   -0.2157D-02
  0.1837D+01    0.5852D+00   -0.2135D-02
  0.1859D+01    0.5793D+00   -0.2114D-02
  0.1882D+01    0.5733D+00   -0.2092D-02
  0.1904D+01    0.5672D+00   -0.2070D-02
  0.1927D+01    0.5611D+00   -0.2047D-02
  0.1950D+01    0.5549D+00   -0.2025D-02
  0.1973D+01    0.5487D+00   -0.2002D-02
  0.1996D+01    0.5424D+00   -0.1979D-02
  0.2019D+01    0.5361D+00   -0.1956D-02
  0.2043D+01    0.5297D+00   -0.1933D-02
  0.2067D+01    0.5233D+00   -0.1909D-02
  0.2091D+01    0.5168D+00   -0.1886D-02
  0.2115D+01    0.5103D+00   -0.1862D-02
  0.2139D+01    0.5038D+00   -0.1838D-02
  0.2164D+01    0.4972D+00   -0.1814D-02
  0.2188D+01    0.4906D+00   -0.1790D-02
  0.2213D+01    0.4840D+00   -0.1766D-02
  0.2238D+01    0.4773D+00   -0.1742D-02
  0.2264D+01    0.4707D+00   -0.1717D-02
  0.2289D+01    0.4640D+00   -0.1693D-02
  0.2315D+01    0.4573D+00   -0.1669D-02
  0.2341D+01    0.4506D+00   -0.1644D-02
  0.2367D+01    0.4439D+00   -0.1620D-02
  0.2393D+01    0.4371D+00   -0.1595D-02
  0.2420D+01    0.4304D+00   -0.1570D-02
  0.2447D+01    0.4237D+00   -0.1546D-02
  0.2473D+01    0.4170D+00   -0.1521D-02
  0.2501D+01    0.4103D+00   -0.1497D-02
  0.2528D+01    0.4036D+00   -0.1473D-02
  0.2555D+01    0.3969D+00   -0.1448D-02
  0.2583D+01    0.3902D+00   -0.1424D-02
  0.2611D+01    0.3835D+00   -0.1399D-02
  0.2639D+01    0.3769D+00   -0.1375D-02
  0.2668D+01    0.3703D+00   -0.1351D-02
  0.2697D+01    0.3637D+00   -0.1327D-02
  0.2725D+01    0.3571D+00   -0.1303D-02
  0.2755D+01    0.3506D+00   -0.1279D-02
  0.2784D+01    0.3441D+00   -0.1255D-02
  0.2813D+01    0.3376D+00   -0.1232D-02
  0.2843D+01    0.3312D+00   -0.1208D-02
  0.2873D+01    0.3248D+00   -0.1185D-02
  0.2904D+01    0.3184D+00   -0.1162D-02
  0.2934D+01    0.3121D+00   -0.1139D-02
  0.2965D+01    0.3058D+00   -0.1116D-02
  0.2996D+01    0.2996D+00   -0.1093D-02
  0.3027D+01    0.2934D+00   -0.1070D-02
  0.3058D+01    0.2873D+00   -0.1048D-02
  0.3090D+01    0.2812D+00   -0.1026D-02
  0.3122D+01    0.2751D+00   -0.1004D-02
  0.3154D+01    0.2692D+00   -0.9822D-03
  0.3187D+01    0.2633D+00   -0.9606D-03
  0.3219D+01    0.2574D+00   -0.9392D-03
  0.3252D+01    0.2516D+00   -0.9181D-03
  0.3286D+01    0.2459D+00   -0.8971D-03
  0.3319D+01    0.2402D+00   -0.8764D-03
  0.3353D+01    0.2346D+00   -0.8560D-03
  0.3387D+01    0.2290D+00   -0.8357D-03
  0.3421D+01    0.2236D+00   -0.8158D-03
  0.3456D+01    0.2182D+00   -0.7960D-03
  0.3490D+01    0.2128D+00   -0.7765D-03
  0.3526D+01    0.2075D+00   -0.7573D-03
  0.3561D+01    0.2023D+00   -0.7383D-03
  0.3597D+01    0.1972D+00   -0.7196D-03
  0.3632D+01    0.1922D+00   -0.7011D-03
  0.3669D+01    0.1872D+00   -0.6830D-03
  0.3705D+01    0.1823D+00   -0.6650D-03
  0.3742D+01    0.1774D+00   -0.6474D-03
  0.3779D+01    0.1727D+00   -0.6300D-03
  0.3816D+01    0.1680D+00   -0.6129D-03
  0.3854D+01    0.1634D+00   -0.5961D-03
  0.3892D+01    0.1588D+00   -0.5796D-03
  0.3930D+01    0.1544D+00   -0.5633D-03
  0.3969D+01    0.1500D+00   -0.5474D-03
  0.4007D+01    0.1457D+00   -0.5317D-03
  0.4046D+01    0.1415D+00   -0.5163D-03
  0.4086D+01    0.1373D+00   -0.5011D-03
  0.4126D+01    0.1333D+00   -0.4863D-03
  0.4166D+01    0.1293D+00   -0.4718D-03
  0.4206D+01    0.1254D+00   -0.4575D-03
  0.4247D+01    0.1215D+00   -0.4435D-03
  0.4288D+01    0.1178D+00   -0.4298D-03
  0.4329D+01    0.1141D+00   -0.4164D-03
  0.4371D+01    0.1105D+00   -0.4032D-03
  0.4413D+01    0.1070D+00   -0.3904D-03
  0.4455D+01    0.1035D+00   -0.3778D-03
  0.4497D+01    0.1002D+00   -0.3655D-03
  0.4540D+01    0.9688D-01   -0.3535D-03
  0.4584D+01    0.9366D-01   -0.3417D-03
  0.4627D+01    0.9051D-01   -0.3303D-03
  0.4671D+01    0.8744D-01   -0.3191D-03
  0.4716D+01    0.8445D-01   -0.3081D-03
  0.4760D+01    0.8152D-01   -0.2975D-03
  0.4805D+01    0.7867D-01   -0.2871D-03
  0.4851D+01    0.7590D-01   -0.2769D-03
  0.4896D+01    0.7319D-01   -0.2670D-03
  0.4942D+01    0.7055D-01   -0.2574D-03
  0.4989D+01    0.6798D-01   -0.2480D-03
  0.5036D+01    0.6548D-01   -0.2389D-03
  0.5083D+01    0.6305D-01   -0.2301D-03
  0.5130D+01    0.6069D-01   -0.2214D-03
  0.5178D+01    0.5839D-01   -0.2130D-03
  0.5226D+01    0.5616D-01   -0.2049D-03
  0.5275D+01    0.5399D-01   -0.1970D-03
  0.5324D+01    0.5188D-01   -0.1893D-03
  0.5374D+01    0.4984D-01   -0.1819D-03
  0.5423D+01    0.4786D-01   -0.1746D-03
  0.5473D+01    0.4594D-01   -0.1676D-03
  0.5524D+01    0.4408D-01   -0.1608D-03
  0.5575D+01    0.4227D-01   -0.1542D-03
  0.5626D+01    0.4053D-01   -0.1479D-03
  0.5678D+01    0.3884D-01   -0.1417D-03
  0.5730D+01    0.3720D-01   -0.1357D-03
  0.5783D+01    0.3562D-01   -0.1300D-03
  0.5836D+01    0.3409D-01   -0.1244D-03
  0.5889D+01    0.3261D-01   -0.1190D-03
  0.5943D+01    0.3119D-01   -0.1138D-03
  0.5997D+01    0.2981D-01   -0.1088D-03
  0.6052D+01    0.2848D-01   -0.1039D-03
  0.6107D+01    0.2720D-01   -0.9924D-04
  0.6163D+01    0.2596D-01   -0.9473D-04
  0.6219D+01    0.2477D-01   -0.9039D-04
  0.6275D+01    0.2363D-01   -0.8621D-04
  0.6332D+01    0.2252D-01   -0.8218D-04
  0.6389D+01    0.2146D-01   -0.7831D-04
  0.6447D+01    0.2044D-01   -0.7459D-04
  0.6505D+01    0.1946D-01   -0.7101D-04
  0.6564D+01    0.1852D-01   -0.6757D-04
  0.6623D+01    0.1761D-01   -0.6426D-04
  0.6682D+01    0.1674D-01   -0.6109D-04
  0.6742D+01    0.1591D-01   -0.5805D-04
  0.6803D+01    0.1511D-01   -0.5513D-04
  0.6864D+01    0.1434D-01   -0.5234D-04
  0.6925D+01    0.1361D-01   -0.4966D-04
  0.6987D+01    0.1291D-01   -0.4710D-04
  0.7050D+01    0.1223D-01   -0.4464D-04
  0.7112D+01    0.1159D-01   -0.4229D-04
  0.7176D+01    0.1098D-01   -0.4005D-04
  0.7240D+01    0.1039D-01   -0.3791D-04
  0.7304D+01    0.9828D-02   -0.3586D-04
  0.7369D+01    0.9292D-02   -0.3391D-04
  0.7434D+01    0.8782D-02   -0.3204D-04
  0.7500D+01    0.8294D-02   -0.3026D-04
  0.7567D+01    0.7830D-02   -0.2857D-04
  0.7634D+01    0.7388D-02   -0.2696D-04
  0.7701D+01    0.6967D-02   -0.2542D-04
  0.7769D+01    0.6567D-02   -0.2396D-04
  0.7837D+01    0.6186D-02   -0.2257D-04
  0.7907D+01    0.5824D-02   -0.2125D-04
  0.7976D+01    0.5481D-02   -0.2000D-04
  0.8046D+01    0.5154D-02   -0.1881D-04
  0.8117D+01    0.4845D-02   -0.1768D-04
  0.8188D+01    0.4551D-02   -0.1661D-04
  0.8260D+01    0.4273D-02   -0.1559D-04
  0.8332D+01    0.4010D-02   -0.1463D-04
  0.8405D+01    0.3760D-02   -0.1372D-04
  0.8479D+01    0.3525D-02   -0.1286D-04
  0.8553D+01    0.3302D-02   -0.1205D-04
  0.8627D+01    0.3091D-02   -0.1128D-04
  0.8703D+01    0.2892D-02   -0.1055D-04
  0.8778D+01    0.2704D-02   -0.9867D-05
  0.8855D+01    0.2527D-02   -0.9221D-05
  0.8932D+01    0.2360D-02   -0.8612D-05
  0.9009D+01    0.2203D-02   -0.8038D-05
  0.9087D+01    0.2055D-02   -0.7498D-05
  0.9166D+01    0.1916D-02   -0.6990D-05
  0.9246D+01    0.1785D-02   -0.6512D-05
  0.9326D+01    0.1662D-02   -0.6063D-05
  0.9406D+01    0.1546D-02   -0.5642D-05
  0.9488D+01    0.1438D-02   -0.5246D-05
  0.9570D+01    0.1336D-02   -0.4875D-05
  0.9652D+01    0.1241D-02   -0.4527D-05
  0.9735D+01    0.1152D-02   -0.4202D-05
  0.9819D+01    0.1068D-02   -0.3897D-05
  0.9904D+01    0.9900D-03   -0.3612D-05
  0.9989D+01    0.9169D-03   -0.3346D-05
  0.1007D+02    0.8487D-03   -0.3097D-05
  0.1016D+02    0.7851D-03   -0.2864D-05
  0.1025D+02    0.7257D-03   -0.2648D-05
  0.1034D+02    0.6703D-03   -0.2446D-05
  0.1043D+02    0.6188D-03   -0.2258D-05
  0.1051D+02    0.5708D-03   -0.2083D-05
  0.1060D+02    0.5261D-03   -0.1920D-05
  0.1069D+02    0.4846D-03   -0.1768D-05
  0.1079D+02    0.4461D-03   -0.1628D-05
  0.1088D+02    0.4103D-03   -0.1497D-05
  0.1097D+02    0.3772D-03   -0.1376D-05
  0.1106D+02    0.3464D-03   -0.1264D-05
  0.1116D+02    0.3179D-03   -0.1160D-05
  0.1125D+02    0.2916D-03   -0.1064D-05
  0.1135D+02    0.2672D-03   -0.9750D-06
  0.1145D+02    0.2447D-03   -0.8929D-06
  0.1154D+02    0.2239D-03   -0.8170D-06
  0.1164D+02    0.2047D-03   -0.7470D-06
  0.1174D+02    0.1871D-03   -0.6825D-06
  0.1184D+02    0.1708D-03   -0.6231D-06
  0.1194D+02    0.1558D-03   -0.5684D-06
  0.1204D+02    0.1420D-03   -0.5181D-06
  0.1214D+02    0.1293D-03   -0.4719D-06
  0.1225D+02    0.1177D-03   -0.4294D-06
  0.1235D+02    0.1070D-03   -0.3905D-06
  0.1245D+02    0.9724D-04   -0.3548D-06
  0.1256D+02    0.8827D-04   -0.3221D-06
  0.1266D+02    0.8007D-04   -0.2922D-06
  0.1277D+02    0.7257D-04   -0.2648D-06
  0.1288D+02    0.6572D-04   -0.2398D-06
  0.1299D+02    0.5946D-04   -0.2170D-06
  0.1310D+02    0.5375D-04   -0.1961D-06
  0.1321D+02    0.4855D-04   -0.1772D-06
  0.1332D+02    0.4382D-04   -0.1599D-06
  0.1343D+02    0.3951D-04   -0.1442D-06
  0.1354D+02    0.3559D-04   -0.1299D-06
  0.1366D+02    0.3204D-04   -0.1169D-06
  0.1377D+02    0.2881D-04   -0.1051D-06
  0.1389D+02    0.2589D-04   -0.9445D-07
  0.1400D+02    0.2324D-04   -0.8479D-07
  0.1412D+02    0.2084D-04   -0.7604D-07
  0.1424D+02    0.1867D-04   -0.6813D-07
  0.1436D+02    0.1672D-04   -0.6099D-07
  0.1448D+02    0.1495D-04   -0.5455D-07
  0.1460D+02    0.1336D-04   -0.4874D-07
  0.1472D+02    0.1192D-04   -0.4351D-07
  0.1484D+02    0.1063D-04   -0.3880D-07
  0.1497D+02    0.9475D-05   -0.3457D-07
  0.1509D+02    0.8434D-05   -0.3077D-07
  0.1522D+02    0.7499D-05   -0.2736D-07
  0.1534D+02    0.6662D-05   -0.2431D-07
  0.1547D+02    0.5912D-05   -0.2157D-07
  0.1560D+02    0.5242D-05   -0.1913D-07
  0.1573D+02    0.4642D-05   -0.1694D-07
  0.1586D+02    0.4107D-05   -0.1499D-07
  0.1599D+02    0.3630D-05   -0.1325D-07
  0.1612D+02    0.3206D-05   -0.1170D-07
  0.1626D+02    0.2827D-05   -0.1032D-07
  0.1639D+02    0.2491D-05   -0.9090D-08
  0.1653D+02    0.2193D-05   -0.8001D-08
  0.1667D+02    0.1928D-05   -0.7035D-08
  0.1680D+02    0.1693D-05   -0.6179D-08
  0.1694D+02    0.1486D-05   -0.5421D-08
  0.1708D+02    0.1302D-05   -0.4751D-08
  0.1722D+02    0.1140D-05   -0.4159D-08
  0.1737D+02    0.9968D-06   -0.3637D-08
  0.1751D+02    0.8707D-06   -0.3177D-08
  0.1765D+02    0.7597D-06   -0.2772D-08
  0.1780D+02    0.6621D-06   -0.2416D-08
  0.1795D+02    0.5763D-06   -0.2103D-08
  0.1810D+02    0.5011D-06   -0.1829D-08
  0.1824D+02    0.4352D-06   -0.1588D-08
  0.1839D+02    0.3776D-06   -0.1378D-08
  0.1855D+02    0.3272D-06   -0.1194D-08
  0.1870D+02    0.2831D-06   -0.1033D-08
  0.1885D+02    0.2448D-06   -0.8930D-09
  0.1901D+02    0.2113D-06   -0.7710D-09
  0.1916D+02    0.1822D-06   -0.6649D-09
  0.1932D+02    0.1569D-06   -0.5726D-09
  0.1948D+02    0.1350D-06   -0.4926D-09
  0.1964D+02    0.1160D-06   -0.4232D-09
  0.1980D+02    0.9952D-07   -0.3631D-09
  0.1996D+02    0.8529D-07   -0.3112D-09
  0.2013D+02    0.7300D-07   -0.2664D-09
  0.2029D+02    0.6240D-07   -0.2277D-09
  0.2046D+02    0.5327D-07   -0.1944D-09
  0.2063D+02    0.4542D-07   -0.1657D-09
  0.2080D+02    0.3867D-07   -0.1411D-09
  0.2097D+02    0.3288D-07   -0.1200D-09
  0.2114D+02    0.2792D-07   -0.1019D-09
  0.2131D+02    0.2368D-07   -0.8641D-10
