The atomic number is   1.0000000000;

Radial grid: R(I) = RNT*(exp((I-1)*H)-1), I = 1, ..., N;

 RNT  =  2.000000000000D-06 Bohr radii;
 H    =  5.000000000000D-02 Bohr radii;
 N    =  590;
 R(1) =  0.000000000000D+00 Bohr radii;
 R(2) =  1.025421927520D-07 Bohr radii;
 R(N) =  1.233111896689D+07 Bohr radii.

Shell      e           p0        gamma         R           P           Q       MTP  SRC

  1s   0.5000D+00  0.2000D+01  0.1000D+01  0.0000D+00  0.0000D+00  0.0000D+00  327  Hyd
  1s   0.5000D+00  0.2000D+01  0.1000D+01  0.1025D-06  0.2052D-06 -0.7486D-09  327  Hyd
  1s   0.5000D+00  0.2000D+01  0.1000D+01  0.2103D-06  0.4209D-06 -0.1536D-08  327  Hyd
  1s   0.5000D+00  0.2000D+01  0.1000D+01  0.3237D-06  0.6476D-06 -0.2363D-08  327  Hyd
  1s   0.5000D+00  0.2000D+01  0.1000D+01  0.4428D-06  0.8860D-06 -0.3233D-08  327  Hyd
  1s   0.5000D+00  0.2000D+01  0.1000D+01  0.5681D-06  0.1137D-05 -0.4147D-08  327  Hyd
  1s   0.5000D+00  0.2000D+01  0.1000D+01  0.6997D-06  0.1400D-05 -0.5108D-08  327  Hyd
  1s   0.5000D+00  0.2000D+01  0.1000D+01  0.8381D-06  0.1677D-05 -0.6119D-08  327  Hyd
  1s   0.5000D+00  0.2000D+01  0.1000D+01  0.9836D-06  0.1968D-05 -0.7181D-08  327  Hyd
  1s   0.5000D+00  0.2000D+01  0.1000D+01  0.1137D-05  0.2274D-05 -0.8297D-08  327  Hyd
  1s   0.5000D+00  0.2000D+01  0.1000D+01  0.1297D-05  0.2596D-05 -0.9471D-08  327  Hyd
  1s   0.5000D+00  0.2000D+01  0.1000D+01  0.1467D-05  0.2934D-05 -0.1071D-07  327  Hyd
  1s   0.5000D+00  0.2000D+01  0.1000D+01  0.1644D-05  0.3290D-05 -0.1200D-07  327  Hyd
  1s   0.5000D+00  0.2000D+01  0.1000D+01  0.1831D-05  0.3663D-05 -0.1337D-07  327  Hyd
  1s   0.5000D+00  0.2000D+01  0.1000D+01  0.2028D-05  0.4056D-05 -0.1480D-07  327  Hyd
  1s   0.5000D+00  0.2000D+01  0.1000D+01  0.2234D-05  0.4470D-05 -0.1631D-07  327  Hyd
  1s   0.5000D+00  0.2000D+01  0.1000D+01  0.2451D-05  0.4904D-05 -0.1789D-07  327  Hyd
  1s   0.5000D+00  0.2000D+01  0.1000D+01  0.2679D-05  0.5360D-05 -0.1956D-07  327  Hyd
  1s   0.5000D+00  0.2000D+01  0.1000D+01  0.2919D-05  0.5840D-05 -0.2131D-07  327  Hyd
  1s   0.5000D+00  0.2000D+01  0.1000D+01  0.3171D-05  0.6345D-05 -0.2315D-07  327  Hyd
  1s   0.5000D+00  0.2000D+01  0.1000D+01  0.3437D-05  0.6875D-05 -0.2509D-07  327  Hyd
  1s   0.5000D+00  0.2000D+01  0.1000D+01  0.3715D-05  0.7433D-05 -0.2712D-07  327  Hyd
  1s   0.5000D+00  0.2000D+01  0.1000D+01  0.4008D-05  0.8019D-05 -0.2926D-07  327  Hyd
  1s   0.5000D+00  0.2000D+01  0.1000D+01  0.4316D-05  0.8636D-05 -0.3151D-07  327  Hyd
  1s   0.5000D+00  0.2000D+01  0.1000D+01  0.4640D-05  0.9283D-05 -0.3387D-07  327  Hyd
  1s   0.5000D+00  0.2000D+01  0.1000D+01  0.4981D-05  0.9965D-05 -0.3636D-07  327  Hyd
  1s   0.5000D+00  0.2000D+01  0.1000D+01  0.5339D-05  0.1068D-04 -0.3897D-07  327  Hyd
  1s   0.5000D+00  0.2000D+01  0.1000D+01  0.5715D-05  0.1143D-04 -0.4172D-07  327  Hyd
  1s   0.5000D+00  0.2000D+01  0.1000D+01  0.6110D-05  0.1222D-04 -0.4460D-07  327  Hyd
  1s   0.5000D+00  0.2000D+01  0.1000D+01  0.6526D-05  0.1306D-04 -0.4764D-07  327  Hyd
  1s   0.5000D+00  0.2000D+01  0.1000D+01  0.6963D-05  0.1393D-04 -0.5083D-07  327  Hyd
  1s   0.5000D+00  0.2000D+01  0.1000D+01  0.7423D-05  0.1485D-04 -0.5419D-07  327  Hyd
  1s   0.5000D+00  0.2000D+01  0.1000D+01  0.7906D-05  0.1582D-04 -0.5771D-07  327  Hyd
  1s   0.5000D+00  0.2000D+01  0.1000D+01  0.8414D-05  0.1683D-04 -0.6142D-07  327  Hyd
  1s   0.5000D+00  0.2000D+01  0.1000D+01  0.8948D-05  0.1790D-04 -0.6532D-07  327  Hyd
  1s   0.5000D+00  0.2000D+01  0.1000D+01  0.9509D-05  0.1902D-04 -0.6941D-07  327  Hyd
  1s   0.5000D+00  0.2000D+01  0.1000D+01  0.1010D-04  0.2020D-04 -0.7372D-07  327  Hyd
  1s   0.5000D+00  0.2000D+01  0.1000D+01  0.1072D-04  0.2145D-04 -0.7825D-07  327  Hyd
  1s   0.5000D+00  0.2000D+01  0.1000D+01  0.1137D-04  0.2275D-04 -0.8301D-07  327  Hyd
  1s   0.5000D+00  0.2000D+01  0.1000D+01  0.1206D-04  0.2412D-04 -0.8801D-07  327  Hyd
  1s   0.5000D+00  0.2000D+01  0.1000D+01  0.1278D-04  0.2556D-04 -0.9327D-07  327  Hyd
  1s   0.5000D+00  0.2000D+01  0.1000D+01  0.1354D-04  0.2708D-04 -0.9880D-07  327  Hyd
  1s   0.5000D+00  0.2000D+01  0.1000D+01  0.1433D-04  0.2867D-04 -0.1046D-06  327  Hyd
  1s   0.5000D+00  0.2000D+01  0.1000D+01  0.1517D-04  0.3035D-04 -0.1107D-06  327  Hyd
  1s   0.5000D+00  0.2000D+01  0.1000D+01  0.1605D-04  0.3211D-04 -0.1172D-06  327  Hyd
  1s   0.5000D+00  0.2000D+01  0.1000D+01  0.1698D-04  0.3396D-04 -0.1239D-06  327  Hyd
  1s   0.5000D+00  0.2000D+01  0.1000D+01  0.1795D-04  0.3591D-04 -0.1310D-06  327  Hyd
  1s   0.5000D+00  0.2000D+01  0.1000D+01  0.1897D-04  0.3795D-04 -0.1385D-06  327  Hyd
  1s   0.5000D+00  0.2000D+01  0.1000D+01  0.2005D-04  0.4010D-04 -0.1463D-06  327  Hyd
  1s   0.5000D+00  0.2000D+01  0.1000D+01  0.2118D-04  0.4236D-04 -0.1546D-06  327  Hyd
  1s   0.5000D+00  0.2000D+01  0.1000D+01  0.2236D-04  0.4474D-04 -0.1633D-06  327  Hyd
  1s   0.5000D+00  0.2000D+01  0.1000D+01  0.2361D-04  0.4724D-04 -0.1724D-06  327  Hyd
  1s   0.5000D+00  0.2000D+01  0.1000D+01  0.2493D-04  0.4987D-04 -0.1820D-06  327  Hyd
  1s   0.5000D+00  0.2000D+01  0.1000D+01  0.2631D-04  0.5263D-04 -0.1920D-06  327  Hyd
  1s   0.5000D+00  0.2000D+01  0.1000D+01  0.2776D-04  0.5553D-04 -0.2026D-06  327  Hyd
  1s   0.5000D+00  0.2000D+01  0.1000D+01  0.2929D-04  0.5859D-04 -0.2138D-06  327  Hyd
  1s   0.5000D+00  0.2000D+01  0.1000D+01  0.3089D-04  0.6179D-04 -0.2255D-06  327  Hyd
  1s   0.5000D+00  0.2000D+01  0.1000D+01  0.3258D-04  0.6517D-04 -0.2378D-06  327  Hyd
  1s   0.5000D+00  0.2000D+01  0.1000D+01  0.3435D-04  0.6871D-04 -0.2507D-06  327  Hyd
  1s   0.5000D+00  0.2000D+01  0.1000D+01  0.3621D-04  0.7244D-04 -0.2643D-06  327  Hyd
  1s   0.5000D+00  0.2000D+01  0.1000D+01  0.3817D-04  0.7636D-04 -0.2786D-06  327  Hyd
  1s   0.5000D+00  0.2000D+01  0.1000D+01  0.4023D-04  0.8048D-04 -0.2936D-06  327  Hyd
  1s   0.5000D+00  0.2000D+01  0.1000D+01  0.4240D-04  0.8481D-04 -0.3095D-06  327  Hyd
  1s   0.5000D+00  0.2000D+01  0.1000D+01  0.4467D-04  0.8936D-04 -0.3261D-06  327  Hyd
  1s   0.5000D+00  0.2000D+01  0.1000D+01  0.4707D-04  0.9415D-04 -0.3435D-06  327  Hyd
  1s   0.5000D+00  0.2000D+01  0.1000D+01  0.4958D-04  0.9918D-04 -0.3619D-06  327  Hyd
  1s   0.5000D+00  0.2000D+01  0.1000D+01  0.5223D-04  0.1045D-03 -0.3812D-06  327  Hyd
  1s   0.5000D+00  0.2000D+01  0.1000D+01  0.5501D-04  0.1100D-03 -0.4015D-06  327  Hyd
  1s   0.5000D+00  0.2000D+01  0.1000D+01  0.5793D-04  0.1159D-03 -0.4228D-06  327  Hyd
  1s   0.5000D+00  0.2000D+01  0.1000D+01  0.6100D-04  0.1220D-03 -0.4452D-06  327  Hyd
  1s   0.5000D+00  0.2000D+01  0.1000D+01  0.6423D-04  0.1285D-03 -0.4688D-06  327  Hyd
  1s   0.5000D+00  0.2000D+01  0.1000D+01  0.6763D-04  0.1353D-03 -0.4936D-06  327  Hyd
  1s   0.5000D+00  0.2000D+01  0.1000D+01  0.7120D-04  0.1424D-03 -0.5196D-06  327  Hyd
  1s   0.5000D+00  0.2000D+01  0.1000D+01  0.7495D-04  0.1499D-03 -0.5470D-06  327  Hyd
  1s   0.5000D+00  0.2000D+01  0.1000D+01  0.7889D-04  0.1578D-03 -0.5758D-06  327  Hyd
  1s   0.5000D+00  0.2000D+01  0.1000D+01  0.8304D-04  0.1661D-03 -0.6061D-06  327  Hyd
  1s   0.5000D+00  0.2000D+01  0.1000D+01  0.8740D-04  0.1748D-03 -0.6379D-06  327  Hyd
  1s   0.5000D+00  0.2000D+01  0.1000D+01  0.9199D-04  0.1840D-03 -0.6714D-06  327  Hyd
  1s   0.5000D+00  0.2000D+01  0.1000D+01  0.9680D-04  0.1936D-03 -0.7065D-06  327  Hyd
  1s   0.5000D+00  0.2000D+01  0.1000D+01  0.1019D-03  0.2038D-03 -0.7435D-06  327  Hyd
  1s   0.5000D+00  0.2000D+01  0.1000D+01  0.1072D-03  0.2144D-03 -0.7824D-06  327  Hyd
  1s   0.5000D+00  0.2000D+01  0.1000D+01  0.1128D-03  0.2256D-03 -0.8232D-06  327  Hyd
  1s   0.5000D+00  0.2000D+01  0.1000D+01  0.1187D-03  0.2374D-03 -0.8662D-06  327  Hyd
  1s   0.5000D+00  0.2000D+01  0.1000D+01  0.1249D-03  0.2498D-03 -0.9113D-06  327  Hyd
  1s   0.5000D+00  0.2000D+01  0.1000D+01  0.1314D-03  0.2628D-03 -0.9588D-06  327  Hyd
  1s   0.5000D+00  0.2000D+01  0.1000D+01  0.1382D-03  0.2764D-03 -0.1009D-05  327  Hyd
  1s   0.5000D+00  0.2000D+01  0.1000D+01  0.1454D-03  0.2908D-03 -0.1061D-05  327  Hyd
  1s   0.5000D+00  0.2000D+01  0.1000D+01  0.1530D-03  0.3059D-03 -0.1116D-05  327  Hyd
  1s   0.5000D+00  0.2000D+01  0.1000D+01  0.1609D-03  0.3218D-03 -0.1174D-05  327  Hyd
  1s   0.5000D+00  0.2000D+01  0.1000D+01  0.1693D-03  0.3385D-03 -0.1235D-05  327  Hyd
  1s   0.5000D+00  0.2000D+01  0.1000D+01  0.1780D-03  0.3561D-03 -0.1299D-05  327  Hyd
  1s   0.5000D+00  0.2000D+01  0.1000D+01  0.1873D-03  0.3745D-03 -0.1367D-05  327  Hyd
  1s   0.5000D+00  0.2000D+01  0.1000D+01  0.1970D-03  0.3939D-03 -0.1437D-05  327  Hyd
  1s   0.5000D+00  0.2000D+01  0.1000D+01  0.2072D-03  0.4143D-03 -0.1512D-05  327  Hyd
  1s   0.5000D+00  0.2000D+01  0.1000D+01  0.2179D-03  0.4358D-03 -0.1590D-05  327  Hyd
  1s   0.5000D+00  0.2000D+01  0.1000D+01  0.2292D-03  0.4583D-03 -0.1672D-05  327  Hyd
  1s   0.5000D+00  0.2000D+01  0.1000D+01  0.2410D-03  0.4820D-03 -0.1759D-05  327  Hyd
  1s   0.5000D+00  0.2000D+01  0.1000D+01  0.2535D-03  0.5069D-03 -0.1850D-05  327  Hyd
  1s   0.5000D+00  0.2000D+01  0.1000D+01  0.2666D-03  0.5331D-03 -0.1945D-05  327  Hyd
  1s   0.5000D+00  0.2000D+01  0.1000D+01  0.2803D-03  0.5607D-03 -0.2046D-05  327  Hyd
  1s   0.5000D+00  0.2000D+01  0.1000D+01  0.2948D-03  0.5896D-03 -0.2151D-05  327  Hyd
  1s   0.5000D+00  0.2000D+01  0.1000D+01  0.3100D-03  0.6200D-03 -0.2262D-05  327  Hyd
  1s   0.5000D+00  0.2000D+01  0.1000D+01  0.3260D-03  0.6520D-03 -0.2379D-05  327  Hyd
  1s   0.5000D+00  0.2000D+01  0.1000D+01  0.3429D-03  0.6856D-03 -0.2502D-05  327  Hyd
  1s   0.5000D+00  0.2000D+01  0.1000D+01  0.3605D-03  0.7210D-03 -0.2631D-05  327  Hyd
  1s   0.5000D+00  0.2000D+01  0.1000D+01  0.3791D-03  0.7581D-03 -0.2766D-05  327  Hyd
  1s   0.5000D+00  0.2000D+01  0.1000D+01  0.3987D-03  0.7972D-03 -0.2909D-05  327  Hyd
  1s   0.5000D+00  0.2000D+01  0.1000D+01  0.4192D-03  0.8383D-03 -0.3059D-05  327  Hyd
  1s   0.5000D+00  0.2000D+01  0.1000D+01  0.4408D-03  0.8814D-03 -0.3216D-05  327  Hyd
  1s   0.5000D+00  0.2000D+01  0.1000D+01  0.4635D-03  0.9268D-03 -0.3382D-05  327  Hyd
  1s   0.5000D+00  0.2000D+01  0.1000D+01  0.4874D-03  0.9745D-03 -0.3556D-05  327  Hyd
  1s   0.5000D+00  0.2000D+01  0.1000D+01  0.5125D-03  0.1025D-02 -0.3739D-05  327  Hyd
  1s   0.5000D+00  0.2000D+01  0.1000D+01  0.5389D-03  0.1077D-02 -0.3931D-05  327  Hyd
  1s   0.5000D+00  0.2000D+01  0.1000D+01  0.5666D-03  0.1133D-02 -0.4133D-05  327  Hyd
  1s   0.5000D+00  0.2000D+01  0.1000D+01  0.5957D-03  0.1191D-02 -0.4346D-05  327  Hyd
  1s   0.5000D+00  0.2000D+01  0.1000D+01  0.6264D-03  0.1252D-02 -0.4569D-05  327  Hyd
  1s   0.5000D+00  0.2000D+01  0.1000D+01  0.6586D-03  0.1317D-02 -0.4804D-05  327  Hyd
  1s   0.5000D+00  0.2000D+01  0.1000D+01  0.6925D-03  0.1384D-02 -0.5051D-05  327  Hyd
  1s   0.5000D+00  0.2000D+01  0.1000D+01  0.7281D-03  0.1455D-02 -0.5310D-05  327  Hyd
  1s   0.5000D+00  0.2000D+01  0.1000D+01  0.7655D-03  0.1530D-02 -0.5583D-05  327  Hyd
  1s   0.5000D+00  0.2000D+01  0.1000D+01  0.8049D-03  0.1609D-02 -0.5870D-05  327  Hyd
  1s   0.5000D+00  0.2000D+01  0.1000D+01  0.8462D-03  0.1691D-02 -0.6171D-05  327  Hyd
  1s   0.5000D+00  0.2000D+01  0.1000D+01  0.8897D-03  0.1778D-02 -0.6488D-05  327  Hyd
  1s   0.5000D+00  0.2000D+01  0.1000D+01  0.9354D-03  0.1869D-02 -0.6821D-05  327  Hyd
  1s   0.5000D+00  0.2000D+01  0.1000D+01  0.9835D-03  0.1965D-02 -0.7171D-05  327  Hyd
  1s   0.5000D+00  0.2000D+01  0.1000D+01  0.1034D-02  0.2066D-02 -0.7539D-05  327  Hyd
  1s   0.5000D+00  0.2000D+01  0.1000D+01  0.1087D-02  0.2172D-02 -0.7926D-05  327  Hyd
  1s   0.5000D+00  0.2000D+01  0.1000D+01  0.1143D-02  0.2284D-02 -0.8333D-05  327  Hyd
  1s   0.5000D+00  0.2000D+01  0.1000D+01  0.1202D-02  0.2401D-02 -0.8760D-05  327  Hyd
  1s   0.5000D+00  0.2000D+01  0.1000D+01  0.1263D-02  0.2524D-02 -0.9210D-05  327  Hyd
  1s   0.5000D+00  0.2000D+01  0.1000D+01  0.1328D-02  0.2654D-02 -0.9682D-05  327  Hyd
  1s   0.5000D+00  0.2000D+01  0.1000D+01  0.1396D-02  0.2790D-02 -0.1018D-04  327  Hyd
  1s   0.5000D+00  0.2000D+01  0.1000D+01  0.1468D-02  0.2933D-02 -0.1070D-04  327  Hyd
  1s   0.5000D+00  0.2000D+01  0.1000D+01  0.1544D-02  0.3083D-02 -0.1125D-04  327  Hyd
  1s   0.5000D+00  0.2000D+01  0.1000D+01  0.1623D-02  0.3241D-02 -0.1183D-04  327  Hyd
  1s   0.5000D+00  0.2000D+01  0.1000D+01  0.1706D-02  0.3407D-02 -0.1243D-04  327  Hyd
  1s   0.5000D+00  0.2000D+01  0.1000D+01  0.1794D-02  0.3582D-02 -0.1307D-04  327  Hyd
  1s   0.5000D+00  0.2000D+01  0.1000D+01  0.1886D-02  0.3765D-02 -0.1374D-04  327  Hyd
  1s   0.5000D+00  0.2000D+01  0.1000D+01  0.1983D-02  0.3958D-02 -0.1444D-04  327  Hyd
  1s   0.5000D+00  0.2000D+01  0.1000D+01  0.2084D-02  0.4161D-02 -0.1518D-04  327  Hyd
  1s   0.5000D+00  0.2000D+01  0.1000D+01  0.2191D-02  0.4374D-02 -0.1596D-04  327  Hyd
  1s   0.5000D+00  0.2000D+01  0.1000D+01  0.2304D-02  0.4598D-02 -0.1678D-04  327  Hyd
  1s   0.5000D+00  0.2000D+01  0.1000D+01  0.2422D-02  0.4833D-02 -0.1763D-04  327  Hyd
  1s   0.5000D+00  0.2000D+01  0.1000D+01  0.2546D-02  0.5080D-02 -0.1854D-04  327  Hyd
  1s   0.5000D+00  0.2000D+01  0.1000D+01  0.2677D-02  0.5340D-02 -0.1949D-04  327  Hyd
  1s   0.5000D+00  0.2000D+01  0.1000D+01  0.2814D-02  0.5613D-02 -0.2048D-04  327  Hyd
  1s   0.5000D+00  0.2000D+01  0.1000D+01  0.2959D-02  0.5901D-02 -0.2153D-04  327  Hyd
  1s   0.5000D+00  0.2000D+01  0.1000D+01  0.3110D-02  0.6202D-02 -0.2263D-04  327  Hyd
  1s   0.5000D+00  0.2000D+01  0.1000D+01  0.3270D-02  0.6520D-02 -0.2379D-04  327  Hyd
  1s   0.5000D+00  0.2000D+01  0.1000D+01  0.3438D-02  0.6853D-02 -0.2500D-04  327  Hyd
  1s   0.5000D+00  0.2000D+01  0.1000D+01  0.3614D-02  0.7203D-02 -0.2628D-04  327  Hyd
  1s   0.5000D+00  0.2000D+01  0.1000D+01  0.3799D-02  0.7571D-02 -0.2763D-04  327  Hyd
  1s   0.5000D+00  0.2000D+01  0.1000D+01  0.3994D-02  0.7958D-02 -0.2904D-04  327  Hyd
  1s   0.5000D+00  0.2000D+01  0.1000D+01  0.4199D-02  0.8365D-02 -0.3052D-04  327  Hyd
  1s   0.5000D+00  0.2000D+01  0.1000D+01  0.4415D-02  0.8792D-02 -0.3208D-04  327  Hyd
  1s   0.5000D+00  0.2000D+01  0.1000D+01  0.4641D-02  0.9241D-02 -0.3372D-04  327  Hyd
  1s   0.5000D+00  0.2000D+01  0.1000D+01  0.4879D-02  0.9712D-02 -0.3544D-04  327  Hyd
  1s   0.5000D+00  0.2000D+01  0.1000D+01  0.5129D-02  0.1021D-01 -0.3725D-04  327  Hyd
  1s   0.5000D+00  0.2000D+01  0.1000D+01  0.5393D-02  0.1073D-01 -0.3915D-04  327  Hyd
  1s   0.5000D+00  0.2000D+01  0.1000D+01  0.5669D-02  0.1128D-01 -0.4114D-04  327  Hyd
  1s   0.5000D+00  0.2000D+01  0.1000D+01  0.5960D-02  0.1185D-01 -0.4324D-04  327  Hyd
  1s   0.5000D+00  0.2000D+01  0.1000D+01  0.6266D-02  0.1245D-01 -0.4544D-04  327  Hyd
  1s   0.5000D+00  0.2000D+01  0.1000D+01  0.6587D-02  0.1309D-01 -0.4776D-04  327  Hyd
  1s   0.5000D+00  0.2000D+01  0.1000D+01  0.6925D-02  0.1376D-01 -0.5019D-04  327  Hyd
  1s   0.5000D+00  0.2000D+01  0.1000D+01  0.7280D-02  0.1446D-01 -0.5275D-04  327  Hyd
  1s   0.5000D+00  0.2000D+01  0.1000D+01  0.7653D-02  0.1519D-01 -0.5543D-04  327  Hyd
  1s   0.5000D+00  0.2000D+01  0.1000D+01  0.8046D-02  0.1596D-01 -0.5825D-04  327  Hyd
  1s   0.5000D+00  0.2000D+01  0.1000D+01  0.8458D-02  0.1678D-01 -0.6121D-04  327  Hyd
  1s   0.5000D+00  0.2000D+01  0.1000D+01  0.8892D-02  0.1763D-01 -0.6432D-04  327  Hyd
  1s   0.5000D+00  0.2000D+01  0.1000D+01  0.9348D-02  0.1852D-01 -0.6759D-04  327  Hyd
  1s   0.5000D+00  0.2000D+01  0.1000D+01  0.9828D-02  0.1947D-01 -0.7102D-04  327  Hyd
  1s   0.5000D+00  0.2000D+01  0.1000D+01  0.1033D-01  0.2045D-01 -0.7463D-04  327  Hyd
  1s   0.5000D+00  0.2000D+01  0.1000D+01  0.1086D-01  0.2149D-01 -0.7841D-04  327  Hyd
  1s   0.5000D+00  0.2000D+01  0.1000D+01  0.1142D-01  0.2258D-01 -0.8239D-04  327  Hyd
  1s   0.5000D+00  0.2000D+01  0.1000D+01  0.1200D-01  0.2372D-01 -0.8656D-04  327  Hyd
  1s   0.5000D+00  0.2000D+01  0.1000D+01  0.1262D-01  0.2493D-01 -0.9094D-04  327  Hyd
  1s   0.5000D+00  0.2000D+01  0.1000D+01  0.1327D-01  0.2619D-01 -0.9555D-04  327  Hyd
  1s   0.5000D+00  0.2000D+01  0.1000D+01  0.1395D-01  0.2751D-01 -0.1004D-03  327  Hyd
  1s   0.5000D+00  0.2000D+01  0.1000D+01  0.1466D-01  0.2890D-01 -0.1054D-03  327  Hyd
  1s   0.5000D+00  0.2000D+01  0.1000D+01  0.1541D-01  0.3036D-01 -0.1108D-03  327  Hyd
  1s   0.5000D+00  0.2000D+01  0.1000D+01  0.1620D-01  0.3189D-01 -0.1164D-03  327  Hyd
  1s   0.5000D+00  0.2000D+01  0.1000D+01  0.1704D-01  0.3350D-01 -0.1222D-03  327  Hyd
  1s   0.5000D+00  0.2000D+01  0.1000D+01  0.1791D-01  0.3519D-01 -0.1284D-03  327  Hyd
  1s   0.5000D+00  0.2000D+01  0.1000D+01  0.1883D-01  0.3696D-01 -0.1348D-03  327  Hyd
  1s   0.5000D+00  0.2000D+01  0.1000D+01  0.1979D-01  0.3881D-01 -0.1416D-03  327  Hyd
  1s   0.5000D+00  0.2000D+01  0.1000D+01  0.2081D-01  0.4076D-01 -0.1487D-03  327  Hyd
  1s   0.5000D+00  0.2000D+01  0.1000D+01  0.2187D-01  0.4281D-01 -0.1562D-03  327  Hyd
  1s   0.5000D+00  0.2000D+01  0.1000D+01  0.2300D-01  0.4495D-01 -0.1640D-03  327  Hyd
  1s   0.5000D+00  0.2000D+01  0.1000D+01  0.2417D-01  0.4720D-01 -0.1722D-03  327  Hyd
  1s   0.5000D+00  0.2000D+01  0.1000D+01  0.2541D-01  0.4956D-01 -0.1808D-03  327  Hyd
  1s   0.5000D+00  0.2000D+01  0.1000D+01  0.2672D-01  0.5203D-01 -0.1898D-03  327  Hyd
  1s   0.5000D+00  0.2000D+01  0.1000D+01  0.2809D-01  0.5462D-01 -0.1993D-03  327  Hyd
  1s   0.5000D+00  0.2000D+01  0.1000D+01  0.2953D-01  0.5734D-01 -0.2092D-03  327  Hyd
  1s   0.5000D+00  0.2000D+01  0.1000D+01  0.3104D-01  0.6019D-01 -0.2196D-03  327  Hyd
  1s   0.5000D+00  0.2000D+01  0.1000D+01  0.3263D-01  0.6318D-01 -0.2305D-03  327  Hyd
  1s   0.5000D+00  0.2000D+01  0.1000D+01  0.3431D-01  0.6630D-01 -0.2419D-03  327  Hyd
  1s   0.5000D+00  0.2000D+01  0.1000D+01  0.3607D-01  0.6958D-01 -0.2539D-03  327  Hyd
  1s   0.5000D+00  0.2000D+01  0.1000D+01  0.3791D-01  0.7301D-01 -0.2664D-03  327  Hyd
  1s   0.5000D+00  0.2000D+01  0.1000D+01  0.3986D-01  0.7661D-01 -0.2795D-03  327  Hyd
  1s   0.5000D+00  0.2000D+01  0.1000D+01  0.4190D-01  0.8037D-01 -0.2933D-03  327  Hyd
  1s   0.5000D+00  0.2000D+01  0.1000D+01  0.4405D-01  0.8431D-01 -0.3076D-03  327  Hyd
  1s   0.5000D+00  0.2000D+01  0.1000D+01  0.4631D-01  0.8843D-01 -0.3227D-03  327  Hyd
  1s   0.5000D+00  0.2000D+01  0.1000D+01  0.4868D-01  0.9275D-01 -0.3384D-03  327  Hyd
  1s   0.5000D+00  0.2000D+01  0.1000D+01  0.5118D-01  0.9726D-01 -0.3549D-03  327  Hyd
  1s   0.5000D+00  0.2000D+01  0.1000D+01  0.5380D-01  0.1020D+00 -0.3721D-03  327  Hyd
  1s   0.5000D+00  0.2000D+01  0.1000D+01  0.5656D-01  0.1069D+00 -0.3901D-03  327  Hyd
  1s   0.5000D+00  0.2000D+01  0.1000D+01  0.5946D-01  0.1121D+00 -0.4089D-03  327  Hyd
  1s   0.5000D+00  0.2000D+01  0.1000D+01  0.6251D-01  0.1175D+00 -0.4286D-03  327  Hyd
  1s   0.5000D+00  0.2000D+01  0.1000D+01  0.6572D-01  0.1231D+00 -0.4491D-03  327  Hyd
  1s   0.5000D+00  0.2000D+01  0.1000D+01  0.6909D-01  0.1290D+00 -0.4705D-03  327  Hyd
  1s   0.5000D+00  0.2000D+01  0.1000D+01  0.7263D-01  0.1351D+00 -0.4929D-03  327  Hyd
  1s   0.5000D+00  0.2000D+01  0.1000D+01  0.7635D-01  0.1415D+00 -0.5163D-03  327  Hyd
  1s   0.5000D+00  0.2000D+01  0.1000D+01  0.8027D-01  0.1482D+00 -0.5406D-03  327  Hyd
  1s   0.5000D+00  0.2000D+01  0.1000D+01  0.8438D-01  0.1551D+00 -0.5660D-03  327  Hyd
  1s   0.5000D+00  0.2000D+01  0.1000D+01  0.8871D-01  0.1624D+00 -0.5924D-03  327  Hyd
  1s   0.5000D+00  0.2000D+01  0.1000D+01  0.9326D-01  0.1699D+00 -0.6200D-03  327  Hyd
  1s   0.5000D+00  0.2000D+01  0.1000D+01  0.9804D-01  0.1778D+00 -0.6487D-03  327  Hyd
  1s   0.5000D+00  0.2000D+01  0.1000D+01  0.1031D+00  0.1860D+00 -0.6785D-03  327  Hyd
  1s   0.5000D+00  0.2000D+01  0.1000D+01  0.1084D+00  0.1945D+00 -0.7095D-03  327  Hyd
  1s   0.5000D+00  0.2000D+01  0.1000D+01  0.1139D+00  0.2033D+00 -0.7418D-03  327  Hyd
  1s   0.5000D+00  0.2000D+01  0.1000D+01  0.1197D+00  0.2125D+00 -0.7753D-03  327  Hyd
  1s   0.5000D+00  0.2000D+01  0.1000D+01  0.1259D+00  0.2220D+00 -0.8100D-03  327  Hyd
  1s   0.5000D+00  0.2000D+01  0.1000D+01  0.1323D+00  0.2319D+00 -0.8461D-03  327  Hyd
  1s   0.5000D+00  0.2000D+01  0.1000D+01  0.1391D+00  0.2421D+00 -0.8834D-03  327  Hyd
  1s   0.5000D+00  0.2000D+01  0.1000D+01  0.1463D+00  0.2527D+00 -0.9221D-03  327  Hyd
  1s   0.5000D+00  0.2000D+01  0.1000D+01  0.1538D+00  0.2637D+00 -0.9622D-03  327  Hyd
  1s   0.5000D+00  0.2000D+01  0.1000D+01  0.1616D+00  0.2750D+00 -0.1004D-02  327  Hyd
  1s   0.5000D+00  0.2000D+01  0.1000D+01  0.1699D+00  0.2868D+00 -0.1046D-02  327  Hyd
  1s   0.5000D+00  0.2000D+01  0.1000D+01  0.1786D+00  0.2988D+00 -0.1090D-02  327  Hyd
  1s   0.5000D+00  0.2000D+01  0.1000D+01  0.1878D+00  0.3113D+00 -0.1136D-02  327  Hyd
  1s   0.5000D+00  0.2000D+01  0.1000D+01  0.1974D+00  0.3241D+00 -0.1183D-02  327  Hyd
  1s   0.5000D+00  0.2000D+01  0.1000D+01  0.2076D+00  0.3373D+00 -0.1231D-02  327  Hyd
  1s   0.5000D+00  0.2000D+01  0.1000D+01  0.2182D+00  0.3509D+00 -0.1280D-02  327  Hyd
  1s   0.5000D+00  0.2000D+01  0.1000D+01  0.2294D+00  0.3647D+00 -0.1331D-02  327  Hyd
  1s   0.5000D+00  0.2000D+01  0.1000D+01  0.2411D+00  0.3790D+00 -0.1383D-02  327  Hyd
  1s   0.5000D+00  0.2000D+01  0.1000D+01  0.2535D+00  0.3935D+00 -0.1436D-02  327  Hyd
  1s   0.5000D+00  0.2000D+01  0.1000D+01  0.2665D+00  0.4083D+00 -0.1490D-02  327  Hyd
  1s   0.5000D+00  0.2000D+01  0.1000D+01  0.2802D+00  0.4234D+00 -0.1545D-02  327  Hyd
  1s   0.5000D+00  0.2000D+01  0.1000D+01  0.2945D+00  0.4388D+00 -0.1601D-02  327  Hyd
  1s   0.5000D+00  0.2000D+01  0.1000D+01  0.3096D+00  0.4544D+00 -0.1658D-02  327  Hyd
  1s   0.5000D+00  0.2000D+01  0.1000D+01  0.3255D+00  0.4702D+00 -0.1715D-02  327  Hyd
  1s   0.5000D+00  0.2000D+01  0.1000D+01  0.3422D+00  0.4861D+00 -0.1774D-02  327  Hyd
  1s   0.5000D+00  0.2000D+01  0.1000D+01  0.3597D+00  0.5021D+00 -0.1832D-02  327  Hyd
  1s   0.5000D+00  0.2000D+01  0.1000D+01  0.3782D+00  0.5182D+00 -0.1891D-02  327  Hyd
  1s   0.5000D+00  0.2000D+01  0.1000D+01  0.3976D+00  0.5343D+00 -0.1950D-02  327  Hyd
  1s   0.5000D+00  0.2000D+01  0.1000D+01  0.4180D+00  0.5504D+00 -0.2008D-02  327  Hyd
  1s   0.5000D+00  0.2000D+01  0.1000D+01  0.4394D+00  0.5663D+00 -0.2066D-02  327  Hyd
  1s   0.5000D+00  0.2000D+01  0.1000D+01  0.4619D+00  0.5821D+00 -0.2124D-02  327  Hyd
  1s   0.5000D+00  0.2000D+01  0.1000D+01  0.4856D+00  0.5976D+00 -0.2181D-02  327  Hyd
  1s   0.5000D+00  0.2000D+01  0.1000D+01  0.5105D+00  0.6128D+00 -0.2236D-02  327  Hyd
  1s   0.5000D+00  0.2000D+01  0.1000D+01  0.5367D+00  0.6276D+00 -0.2290D-02  327  Hyd
  1s   0.5000D+00  0.2000D+01  0.1000D+01  0.5642D+00  0.6419D+00 -0.2342D-02  327  Hyd
  1s   0.5000D+00  0.2000D+01  0.1000D+01  0.5931D+00  0.6555D+00 -0.2392D-02  327  Hyd
  1s   0.5000D+00  0.2000D+01  0.1000D+01  0.6235D+00  0.6685D+00 -0.2439D-02  327  Hyd
  1s   0.5000D+00  0.2000D+01  0.1000D+01  0.6555D+00  0.6807D+00 -0.2484D-02  327  Hyd
  1s   0.5000D+00  0.2000D+01  0.1000D+01  0.6891D+00  0.6919D+00 -0.2525D-02  327  Hyd
  1s   0.5000D+00  0.2000D+01  0.1000D+01  0.7244D+00  0.7021D+00 -0.2562D-02  327  Hyd
  1s   0.5000D+00  0.2000D+01  0.1000D+01  0.7616D+00  0.7112D+00 -0.2595D-02  327  Hyd
  1s   0.5000D+00  0.2000D+01  0.1000D+01  0.8006D+00  0.7190D+00 -0.2624D-02  327  Hyd
  1s   0.5000D+00  0.2000D+01  0.1000D+01  0.8417D+00  0.7255D+00 -0.2647D-02  327  Hyd
  1s   0.5000D+00  0.2000D+01  0.1000D+01  0.8848D+00  0.7305D+00 -0.2665D-02  327  Hyd
  1s   0.5000D+00  0.2000D+01  0.1000D+01  0.9302D+00  0.7339D+00 -0.2678D-02  327  Hyd
  1s   0.5000D+00  0.2000D+01  0.1000D+01  0.9779D+00  0.7356D+00 -0.2684D-02  327  Hyd
  1s   0.5000D+00  0.2000D+01  0.1000D+01  0.1028D+01  0.7355D+00 -0.2684D-02  327  Hyd
  1s   0.5000D+00  0.2000D+01  0.1000D+01  0.1081D+01  0.7335D+00 -0.2676D-02  327  Hyd
  1s   0.5000D+00  0.2000D+01  0.1000D+01  0.1136D+01  0.7295D+00 -0.2662D-02  327  Hyd
  1s   0.5000D+00  0.2000D+01  0.1000D+01  0.1194D+01  0.7235D+00 -0.2640D-02  327  Hyd
  1s   0.5000D+00  0.2000D+01  0.1000D+01  0.1256D+01  0.7154D+00 -0.2610D-02  327  Hyd
  1s   0.5000D+00  0.2000D+01  0.1000D+01  0.1320D+01  0.7052D+00 -0.2573D-02  327  Hyd
  1s   0.5000D+00  0.2000D+01  0.1000D+01  0.1388D+01  0.6929D+00 -0.2528D-02  327  Hyd
  1s   0.5000D+00  0.2000D+01  0.1000D+01  0.1459D+01  0.6784D+00 -0.2475D-02  327  Hyd
  1s   0.5000D+00  0.2000D+01  0.1000D+01  0.1534D+01  0.6618D+00 -0.2415D-02  327  Hyd
  1s   0.5000D+00  0.2000D+01  0.1000D+01  0.1612D+01  0.6431D+00 -0.2346D-02  327  Hyd
  1s   0.5000D+00  0.2000D+01  0.1000D+01  0.1695D+01  0.6224D+00 -0.2271D-02  327  Hyd
  1s   0.5000D+00  0.2000D+01  0.1000D+01  0.1782D+01  0.5999D+00 -0.2189D-02  327  Hyd
  1s   0.5000D+00  0.2000D+01  0.1000D+01  0.1873D+01  0.5756D+00 -0.2100D-02  327  Hyd
  1s   0.5000D+00  0.2000D+01  0.1000D+01  0.1969D+01  0.5497D+00 -0.2006D-02  327  Hyd
  1s   0.5000D+00  0.2000D+01  0.1000D+01  0.2070D+01  0.5224D+00 -0.1906D-02  327  Hyd
  1s   0.5000D+00  0.2000D+01  0.1000D+01  0.2176D+01  0.4938D+00 -0.1802D-02  327  Hyd
  1s   0.5000D+00  0.2000D+01  0.1000D+01  0.2288D+01  0.4643D+00 -0.1694D-02  327  Hyd
  1s   0.5000D+00  0.2000D+01  0.1000D+01  0.2405D+01  0.4341D+00 -0.1584D-02  327  Hyd
  1s   0.5000D+00  0.2000D+01  0.1000D+01  0.2529D+01  0.4034D+00 -0.1472D-02  327  Hyd
  1s   0.5000D+00  0.2000D+01  0.1000D+01  0.2658D+01  0.3725D+00 -0.1359D-02  327  Hyd
  1s   0.5000D+00  0.2000D+01  0.1000D+01  0.2794D+01  0.3417D+00 -0.1247D-02  327  Hyd
  1s   0.5000D+00  0.2000D+01  0.1000D+01  0.2938D+01  0.3113D+00 -0.1136D-02  327  Hyd
  1s   0.5000D+00  0.2000D+01  0.1000D+01  0.3088D+01  0.2815D+00 -0.1027D-02  327  Hyd
  1s   0.5000D+00  0.2000D+01  0.1000D+01  0.3247D+01  0.2526D+00 -0.9217D-03  327  Hyd
  1s   0.5000D+00  0.2000D+01  0.1000D+01  0.3413D+01  0.2248D+00 -0.8204D-03  327  Hyd
  1s   0.5000D+00  0.2000D+01  0.1000D+01  0.3588D+01  0.1984D+00 -0.7240D-03  327  Hyd
  1s   0.5000D+00  0.2000D+01  0.1000D+01  0.3772D+01  0.1735D+00 -0.6332D-03  327  Hyd
  1s   0.5000D+00  0.2000D+01  0.1000D+01  0.3966D+01  0.1504D+00 -0.5486D-03  327  Hyd
  1s   0.5000D+00  0.2000D+01  0.1000D+01  0.4169D+01  0.1290D+00 -0.4706D-03  327  Hyd
  1s   0.5000D+00  0.2000D+01  0.1000D+01  0.4383D+01  0.1095D+00 -0.3995D-03  327  Hyd
  1s   0.5000D+00  0.2000D+01  0.1000D+01  0.4607D+01  0.9195D-01 -0.3355D-03  327  Hyd
  1s   0.5000D+00  0.2000D+01  0.1000D+01  0.4843D+01  0.7633D-01 -0.2785D-03  327  Hyd
  1s   0.5000D+00  0.2000D+01  0.1000D+01  0.5092D+01  0.6259D-01 -0.2284D-03  327  Hyd
  1s   0.5000D+00  0.2000D+01  0.1000D+01  0.5353D+01  0.5068D-01 -0.1849D-03  327  Hyd
  1s   0.5000D+00  0.2000D+01  0.1000D+01  0.5627D+01  0.4049D-01 -0.1478D-03  327  Hyd
  1s   0.5000D+00  0.2000D+01  0.1000D+01  0.5916D+01  0.3190D-01 -0.1164D-03  327  Hyd
  1s   0.5000D+00  0.2000D+01  0.1000D+01  0.6219D+01  0.2476D-01 -0.9035D-04  327  Hyd
  1s   0.5000D+00  0.2000D+01  0.1000D+01  0.6538D+01  0.1892D-01 -0.6905D-04  327  Hyd
  1s   0.5000D+00  0.2000D+01  0.1000D+01  0.6873D+01  0.1423D-01 -0.5192D-04  327  Hyd
  1s   0.5000D+00  0.2000D+01  0.1000D+01  0.7226D+01  0.1052D-01 -0.3837D-04  327  Hyd
  1s   0.5000D+00  0.2000D+01  0.1000D+01  0.7596D+01  0.7632D-02 -0.2785D-04  327  Hyd
  1s   0.5000D+00  0.2000D+01  0.1000D+01  0.7986D+01  0.5435D-02 -0.1983D-04  327  Hyd
  1s   0.5000D+00  0.2000D+01  0.1000D+01  0.8395D+01  0.3794D-02 -0.1384D-04  327  Hyd
  1s   0.5000D+00  0.2000D+01  0.1000D+01  0.8825D+01  0.2594D-02 -0.9463D-05  327  Hyd
  1s   0.5000D+00  0.2000D+01  0.1000D+01  0.9278D+01  0.1734D-02 -0.6328D-05  327  Hyd
  1s   0.5000D+00  0.2000D+01  0.1000D+01  0.9754D+01  0.1133D-02 -0.4134D-05  327  Hyd
  1s   0.5000D+00  0.2000D+01  0.1000D+01  0.1025D+02  0.7224D-03 -0.2636D-05  327  Hyd
  1s   0.5000D+00  0.2000D+01  0.1000D+01  0.1078D+02  0.4489D-03 -0.1638D-05  327  Hyd
  1s   0.5000D+00  0.2000D+01  0.1000D+01  0.1133D+02  0.2716D-03 -0.9908D-06  327  Hyd
  1s   0.5000D+00  0.2000D+01  0.1000D+01  0.1191D+02  0.1597D-03 -0.5826D-06  327  Hyd
  1s   0.5000D+00  0.2000D+01  0.1000D+01  0.1252D+02  0.9114D-04 -0.3325D-06  327  Hyd
  1s   0.5000D+00  0.2000D+01  0.1000D+01  0.1317D+02  0.5041D-04 -0.1839D-06  327  Hyd
  1s   0.5000D+00  0.2000D+01  0.1000D+01  0.1384D+02  0.2698D-04 -0.9845D-07  327  Hyd
  1s   0.5000D+00  0.2000D+01  0.1000D+01  0.1455D+02  0.1395D-04 -0.5090D-07  327  Hyd
  1s   0.5000D+00  0.2000D+01  0.1000D+01  0.1530D+02  0.6955D-05 -0.2538D-07  327  Hyd
  1s   0.5000D+00  0.2000D+01  0.1000D+01  0.1608D+02  0.3338D-05 -0.1218D-07  327  Hyd
  1s   0.5000D+00  0.2000D+01  0.1000D+01  0.1691D+02  0.1538D-05 -0.5613D-08  327  Hyd
  1s   0.5000D+00  0.2000D+01  0.1000D+01  0.1777D+02  0.6798D-06 -0.2480D-08  327  Hyd
  1s   0.5000D+00  0.2000D+01  0.1000D+01  0.1868D+02  0.2873D-06 -0.1048D-08  327  Hyd
  1s   0.5000D+00  0.2000D+01  0.1000D+01  0.1964D+02  0.1159D-06 -0.4228D-09  327  Hyd
  1s   0.5000D+00  0.2000D+01  0.1000D+01  0.2065D+02  0.4450D-07 -0.1624D-09  327  Hyd
  1s   0.5000D+00  0.2000D+01  0.1000D+01  0.2171D+02  0.1623D-07 -0.5922D-10  327  Hyd
  1s   0.5000D+00  0.2000D+01  0.1000D+01  0.2282D+02  0.5607D-08 -0.2046D-10  327  Hyd
  1s   0.5000D+00  0.2000D+01  0.1000D+01  0.2399D+02  0.1829D-08 -0.6675D-11  327  Hyd
