OOGRWF


  z:      0.400D+01
  npx:    400
  h:      0.781250D-02


   state:    1s 
  energy:    0.8002D+01


      r          p( 1s )       q( 1s )     npt
  0.0000D+00    0.0000D+00   -0.0000D+00   400
  0.1953D-02    0.3107D-01   -0.4536D-03   400
  0.3922D-02    0.6188D-01   -0.9033D-03   400
  0.5905D-02    0.9243D-01   -0.1349D-02   400
  0.7905D-02    0.1227D+00   -0.1791D-02   400
  0.9919D-02    0.1527D+00   -0.2230D-02   400
  0.1195D-01    0.1825D+00   -0.2664D-02   400
  0.1400D-01    0.2120D+00   -0.3095D-02   400
  0.1606D-01    0.2412D+00   -0.3522D-02   400
  0.1814D-01    0.2702D+00   -0.3944D-02   400
  0.2023D-01    0.2989D+00   -0.4363D-02   400
  0.2234D-01    0.3273D+00   -0.4777D-02   400
  0.2447D-01    0.3554D+00   -0.5188D-02   400
  0.2662D-01    0.3832D+00   -0.5594D-02   400
  0.2878D-01    0.4107D+00   -0.5996D-02   400
  0.3095D-01    0.4380D+00   -0.6394D-02   400
  0.3315D-01    0.4649D+00   -0.6787D-02   400
  0.3536D-01    0.4916D+00   -0.7176D-02   400
  0.3759D-01    0.5179D+00   -0.7560D-02   400
  0.3984D-01    0.5439D+00   -0.7940D-02   400
  0.4210D-01    0.5697D+00   -0.8316D-02   400
  0.4438D-01    0.5951D+00   -0.8687D-02   400
  0.4668D-01    0.6202D+00   -0.9053D-02   400
  0.4900D-01    0.6449D+00   -0.9414D-02   400
  0.5134D-01    0.6694D+00   -0.9771D-02   400
  0.5369D-01    0.6935D+00   -0.1012D-01   400
  0.5606D-01    0.7173D+00   -0.1047D-01   400
  0.5846D-01    0.7407D+00   -0.1081D-01   400
  0.6087D-01    0.7639D+00   -0.1115D-01   400
  0.6329D-01    0.7866D+00   -0.1148D-01   400
  0.6574D-01    0.8091D+00   -0.1181D-01   400
  0.6821D-01    0.8312D+00   -0.1213D-01   400
  0.7069D-01    0.8530D+00   -0.1245D-01   400
  0.7320D-01    0.8744D+00   -0.1276D-01   400
  0.7573D-01    0.8954D+00   -0.1307D-01   400
  0.7827D-01    0.9161D+00   -0.1337D-01   400
  0.8083D-01    0.9365D+00   -0.1367D-01   400
  0.8342D-01    0.9565D+00   -0.1396D-01   400
  0.8602D-01    0.9761D+00   -0.1425D-01   400
  0.8865D-01    0.9954D+00   -0.1453D-01   400
  0.9129D-01    0.1014D+01   -0.1481D-01   400
  0.9396D-01    0.1033D+01   -0.1508D-01   400
  0.9665D-01    0.1051D+01   -0.1534D-01   400
  0.9936D-01    0.1069D+01   -0.1560D-01   400
  0.1021D+00    0.1086D+01   -0.1586D-01   400
  0.1048D+00    0.1103D+01   -0.1610D-01   400
  0.1076D+00    0.1120D+01   -0.1635D-01   400
  0.1104D+00    0.1136D+01   -0.1659D-01   400
  0.1132D+00    0.1152D+01   -0.1682D-01   400
  0.1161D+00    0.1168D+01   -0.1705D-01   400
  0.1189D+00    0.1183D+01   -0.1727D-01   400
  0.1218D+00    0.1198D+01   -0.1748D-01   400
  0.1247D+00    0.1212D+01   -0.1769D-01   400
  0.1276D+00    0.1226D+01   -0.1790D-01   400
  0.1306D+00    0.1240D+01   -0.1810D-01   400
  0.1336D+00    0.1253D+01   -0.1829D-01   400
  0.1365D+00    0.1266D+01   -0.1848D-01   400
  0.1396D+00    0.1278D+01   -0.1866D-01   400
  0.1426D+00    0.1290D+01   -0.1883D-01   400
  0.1457D+00    0.1302D+01   -0.1900D-01   400
  0.1488D+00    0.1313D+01   -0.1917D-01   400
  0.1519D+00    0.1324D+01   -0.1933D-01   400
  0.1550D+00    0.1334D+01   -0.1948D-01   400
  0.1582D+00    0.1345D+01   -0.1963D-01   400
  0.1614D+00    0.1354D+01   -0.1977D-01   400
  0.1646D+00    0.1364D+01   -0.1991D-01   400
  0.1678D+00    0.1372D+01   -0.2004D-01   400
  0.1711D+00    0.1381D+01   -0.2016D-01   400
  0.1744D+00    0.1389D+01   -0.2028D-01   400
  0.1777D+00    0.1397D+01   -0.2039D-01   400
  0.1810D+00    0.1404D+01   -0.2050D-01   400
  0.1844D+00    0.1411D+01   -0.2060D-01   400
  0.1878D+00    0.1418D+01   -0.2070D-01   400
  0.1912D+00    0.1424D+01   -0.2079D-01   400
  0.1947D+00    0.1430D+01   -0.2087D-01   400
  0.1981D+00    0.1435D+01   -0.2095D-01   400
  0.2016D+00    0.1440D+01   -0.2103D-01   400
  0.2052D+00    0.1445D+01   -0.2109D-01   400
  0.2087D+00    0.1449D+01   -0.2116D-01   400
  0.2123D+00    0.1453D+01   -0.2121D-01   400
  0.2159D+00    0.1457D+01   -0.2126D-01   400
  0.2196D+00    0.1460D+01   -0.2131D-01   400
  0.2232D+00    0.1463D+01   -0.2135D-01   400
  0.2269D+00    0.1465D+01   -0.2138D-01   400
  0.2307D+00    0.1467D+01   -0.2141D-01   400
  0.2344D+00    0.1469D+01   -0.2144D-01   400
  0.2382D+00    0.1470D+01   -0.2146D-01   400
  0.2420D+00    0.1471D+01   -0.2147D-01   400
  0.2459D+00    0.1471D+01   -0.2148D-01   400
  0.2497D+00    0.1472D+01   -0.2148D-01   400
  0.2536D+00    0.1471D+01   -0.2148D-01   400
  0.2576D+00    0.1471D+01   -0.2147D-01   400
  0.2615D+00    0.1470D+01   -0.2146D-01   400
  0.2655D+00    0.1469D+01   -0.2144D-01   400
  0.2696D+00    0.1467D+01   -0.2142D-01   400
  0.2736D+00    0.1465D+01   -0.2139D-01   400
  0.2777D+00    0.1463D+01   -0.2136D-01   400
  0.2818D+00    0.1460D+01   -0.2132D-01   400
  0.2860D+00    0.1458D+01   -0.2128D-01   400
  0.2902D+00    0.1454D+01   -0.2123D-01   400
  0.2944D+00    0.1451D+01   -0.2118D-01   400
  0.2986D+00    0.1447D+01   -0.2112D-01   400
  0.3029D+00    0.1443D+01   -0.2106D-01   400
  0.3073D+00    0.1438D+01   -0.2099D-01   400
  0.3116D+00    0.1433D+01   -0.2092D-01   400
  0.3160D+00    0.1428D+01   -0.2085D-01   400
  0.3204D+00    0.1423D+01   -0.2077D-01   400
  0.3249D+00    0.1417D+01   -0.2069D-01   400
  0.3294D+00    0.1411D+01   -0.2060D-01   400
  0.3339D+00    0.1405D+01   -0.2051D-01   400
  0.3385D+00    0.1398D+01   -0.2041D-01   400
  0.3430D+00    0.1391D+01   -0.2031D-01   400
  0.3477D+00    0.1384D+01   -0.2021D-01   400
  0.3524D+00    0.1377D+01   -0.2010D-01   400
  0.3571D+00    0.1369D+01   -0.1999D-01   400
  0.3618D+00    0.1361D+01   -0.1987D-01   400
  0.3666D+00    0.1353D+01   -0.1976D-01   400
  0.3714D+00    0.1345D+01   -0.1963D-01   400
  0.3763D+00    0.1336D+01   -0.1951D-01   400
  0.3811D+00    0.1327D+01   -0.1938D-01   400
  0.3861D+00    0.1318D+01   -0.1924D-01   400
  0.3910D+00    0.1309D+01   -0.1911D-01   400
  0.3961D+00    0.1299D+01   -0.1897D-01   400
  0.4011D+00    0.1290D+01   -0.1883D-01   400
  0.4062D+00    0.1280D+01   -0.1868D-01   400
  0.4113D+00    0.1270D+01   -0.1853D-01   400
  0.4165D+00    0.1259D+01   -0.1838D-01   400
  0.4217D+00    0.1249D+01   -0.1823D-01   400
  0.4269D+00    0.1238D+01   -0.1807D-01   400
  0.4322D+00    0.1227D+01   -0.1791D-01   400
  0.4376D+00    0.1216D+01   -0.1775D-01   400
  0.4429D+00    0.1205D+01   -0.1759D-01   400
  0.4483D+00    0.1193D+01   -0.1742D-01   400
  0.4538D+00    0.1182D+01   -0.1725D-01   400
  0.4593D+00    0.1170D+01   -0.1708D-01   400
  0.4648D+00    0.1158D+01   -0.1691D-01   400
  0.4704D+00    0.1146D+01   -0.1673D-01   400
  0.4760D+00    0.1134D+01   -0.1656D-01   400
  0.4817D+00    0.1122D+01   -0.1638D-01   400
  0.4874D+00    0.1110D+01   -0.1620D-01   400
  0.4932D+00    0.1097D+01   -0.1602D-01   400
  0.4990D+00    0.1085D+01   -0.1583D-01   400
  0.5049D+00    0.1072D+01   -0.1565D-01   400
  0.5108D+00    0.1059D+01   -0.1546D-01   400
  0.5167D+00    0.1046D+01   -0.1527D-01   400
  0.5227D+00    0.1033D+01   -0.1508D-01   400
  0.5287D+00    0.1020D+01   -0.1489D-01   400
  0.5348D+00    0.1007D+01   -0.1470D-01   400
  0.5409D+00    0.9941D+00   -0.1451D-01   400
  0.5471D+00    0.9809D+00   -0.1432D-01   400
  0.5533D+00    0.9676D+00   -0.1413D-01   400
  0.5596D+00    0.9543D+00   -0.1393D-01   400
  0.5659D+00    0.9410D+00   -0.1374D-01   400
  0.5723D+00    0.9276D+00   -0.1354D-01   400
  0.5787D+00    0.9143D+00   -0.1335D-01   400
  0.5852D+00    0.9008D+00   -0.1315D-01   400
  0.5917D+00    0.8874D+00   -0.1295D-01   400
  0.5983D+00    0.8740D+00   -0.1276D-01   400
  0.6049D+00    0.8605D+00   -0.1256D-01   400
  0.6116D+00    0.8471D+00   -0.1237D-01   400
  0.6184D+00    0.8337D+00   -0.1217D-01   400
  0.6251D+00    0.8202D+00   -0.1197D-01   400
  0.6320D+00    0.8068D+00   -0.1178D-01   400
  0.6389D+00    0.7935D+00   -0.1158D-01   400
  0.6458D+00    0.7801D+00   -0.1139D-01   400
  0.6528D+00    0.7668D+00   -0.1119D-01   400
  0.6599D+00    0.7535D+00   -0.1100D-01   400
  0.6670D+00    0.7403D+00   -0.1081D-01   400
  0.6741D+00    0.7271D+00   -0.1061D-01   400
  0.6814D+00    0.7139D+00   -0.1042D-01   400
  0.6886D+00    0.7009D+00   -0.1023D-01   400
  0.6960D+00    0.6879D+00   -0.1004D-01   400
  0.7034D+00    0.6749D+00   -0.9852D-02   400
  0.7108D+00    0.6620D+00   -0.9664D-02   400
  0.7183D+00    0.6492D+00   -0.9477D-02   400
  0.7259D+00    0.6365D+00   -0.9292D-02   400
  0.7335D+00    0.6239D+00   -0.9107D-02   400
  0.7412D+00    0.6113D+00   -0.8924D-02   400
  0.7489D+00    0.5989D+00   -0.8742D-02   400
  0.7567D+00    0.5865D+00   -0.8562D-02   400
  0.7646D+00    0.5743D+00   -0.8383D-02   400
  0.7725D+00    0.5621D+00   -0.8205D-02   400
  0.7805D+00    0.5500D+00   -0.8029D-02   400
  0.7886D+00    0.5381D+00   -0.7855D-02   400
  0.7967D+00    0.5263D+00   -0.7683D-02   400
  0.8049D+00    0.5146D+00   -0.7512D-02   400
  0.8131D+00    0.5030D+00   -0.7342D-02   400
  0.8214D+00    0.4915D+00   -0.7175D-02   400
  0.8298D+00    0.4802D+00   -0.7009D-02   400
  0.8382D+00    0.4690D+00   -0.6846D-02   400
  0.8467D+00    0.4579D+00   -0.6684D-02   400
  0.8553D+00    0.4469D+00   -0.6524D-02   400
  0.8639D+00    0.4361D+00   -0.6366D-02   400
  0.8726D+00    0.4254D+00   -0.6210D-02   400
  0.8814D+00    0.4149D+00   -0.6056D-02   400
  0.8902D+00    0.4045D+00   -0.5905D-02   400
  0.8991D+00    0.3942D+00   -0.5755D-02   400
  0.9081D+00    0.3841D+00   -0.5607D-02   400
  0.9172D+00    0.3742D+00   -0.5462D-02   400
  0.9263D+00    0.3643D+00   -0.5319D-02   400
  0.9355D+00    0.3547D+00   -0.5178D-02   400
  0.9447D+00    0.3452D+00   -0.5039D-02   400
  0.9541D+00    0.3358D+00   -0.4902D-02   400
  0.9635D+00    0.3266D+00   -0.4767D-02   400
  0.9729D+00    0.3175D+00   -0.4635D-02   400
  0.9825D+00    0.3086D+00   -0.4505D-02   400
  0.9921D+00    0.2999D+00   -0.4377D-02   400
  0.1002D+01    0.2913D+00   -0.4252D-02   400
  0.1012D+01    0.2828D+00   -0.4129D-02   400
  0.1021D+01    0.2745D+00   -0.4008D-02   400
  0.1031D+01    0.2664D+00   -0.3889D-02   400
  0.1041D+01    0.2584D+00   -0.3773D-02   400
  0.1052D+01    0.2506D+00   -0.3658D-02   400
  0.1062D+01    0.2430D+00   -0.3547D-02   400
  0.1072D+01    0.2354D+00   -0.3437D-02   400
  0.1082D+01    0.2281D+00   -0.3330D-02   400
  0.1093D+01    0.2209D+00   -0.3225D-02   400
  0.1103D+01    0.2139D+00   -0.3122D-02   400
  0.1114D+01    0.2070D+00   -0.3021D-02   400
  0.1124D+01    0.2002D+00   -0.2923D-02   400
  0.1135D+01    0.1936D+00   -0.2827D-02   400
  0.1146D+01    0.1872D+00   -0.2733D-02   400
  0.1157D+01    0.1809D+00   -0.2641D-02   400
  0.1168D+01    0.1748D+00   -0.2551D-02   400
  0.1179D+01    0.1688D+00   -0.2464D-02   400
  0.1190D+01    0.1629D+00   -0.2379D-02   400
  0.1201D+01    0.1572D+00   -0.2295D-02   400
  0.1213D+01    0.1517D+00   -0.2214D-02   400
  0.1224D+01    0.1463D+00   -0.2135D-02   400
  0.1236D+01    0.1410D+00   -0.2058D-02   400
  0.1247D+01    0.1359D+00   -0.1983D-02   400
  0.1259D+01    0.1309D+00   -0.1911D-02   400
  0.1271D+01    0.1260D+00   -0.1840D-02   400
  0.1283D+01    0.1213D+00   -0.1771D-02   400
  0.1295D+01    0.1167D+00   -0.1704D-02   400
  0.1307D+01    0.1122D+00   -0.1638D-02   400
  0.1319D+01    0.1079D+00   -0.1575D-02   400
  0.1331D+01    0.1037D+00   -0.1514D-02   400
  0.1343D+01    0.9961D-01   -0.1454D-02   400
  0.1356D+01    0.9565D-01   -0.1396D-02   400
  0.1368D+01    0.9181D-01   -0.1340D-02   400
  0.1381D+01    0.8809D-01   -0.1286D-02   400
  0.1394D+01    0.8449D-01   -0.1233D-02   400
  0.1407D+01    0.8099D-01   -0.1182D-02   400
  0.1420D+01    0.7762D-01   -0.1133D-02   400
  0.1433D+01    0.7435D-01   -0.1085D-02   400
  0.1446D+01    0.7119D-01   -0.1039D-02   400
  0.1459D+01    0.6813D-01   -0.9945D-03   400
  0.1472D+01    0.6518D-01   -0.9514D-03   400
  0.1486D+01    0.6233D-01   -0.9098D-03   400
  0.1499D+01    0.5957D-01   -0.8697D-03   400
  0.1513D+01    0.5692D-01   -0.8309D-03   400
  0.1527D+01    0.5436D-01   -0.7935D-03   400
  0.1541D+01    0.5189D-01   -0.7575D-03   400
  0.1555D+01    0.4951D-01   -0.7227D-03   400
  0.1569D+01    0.4722D-01   -0.6893D-03   400
  0.1583D+01    0.4502D-01   -0.6571D-03   400
  0.1597D+01    0.4289D-01   -0.6262D-03   400
  0.1612D+01    0.4085D-01   -0.5964D-03   400
  0.1626D+01    0.3889D-01   -0.5677D-03   400
  0.1641D+01    0.3701D-01   -0.5402D-03   400
  0.1656D+01    0.3520D-01   -0.5138D-03   400
  0.1671D+01    0.3346D-01   -0.4885D-03   400
  0.1686D+01    0.3179D-01   -0.4641D-03   400
  0.1701D+01    0.3020D-01   -0.4408D-03   400
  0.1716D+01    0.2867D-01   -0.4185D-03   400
  0.1731D+01    0.2720D-01   -0.3970D-03   400
  0.1747D+01    0.2579D-01   -0.3765D-03   400
  0.1762D+01    0.2445D-01   -0.3569D-03   400
  0.1778D+01    0.2316D-01   -0.3382D-03   400
  0.1794D+01    0.2194D-01   -0.3202D-03   400
  0.1810D+01    0.2076D-01   -0.3031D-03   400
  0.1826D+01    0.1964D-01   -0.2867D-03   400
  0.1842D+01    0.1857D-01   -0.2711D-03   400
  0.1859D+01    0.1755D-01   -0.2562D-03   400
  0.1875D+01    0.1658D-01   -0.2420D-03   400
  0.1892D+01    0.1565D-01   -0.2284D-03   400
  0.1908D+01    0.1476D-01   -0.2155D-03   400
  0.1925D+01    0.1392D-01   -0.2032D-03   400
  0.1942D+01    0.1312D-01   -0.1916D-03   400
  0.1959D+01    0.1236D-01   -0.1805D-03   400
  0.1977D+01    0.1164D-01   -0.1699D-03   400
  0.1994D+01    0.1095D-01   -0.1599D-03   400
  0.2012D+01    0.1030D-01   -0.1504D-03   400
  0.2029D+01    0.9681D-02   -0.1413D-03   400
  0.2047D+01    0.9095D-02   -0.1328D-03   400
  0.2065D+01    0.8539D-02   -0.1247D-03   400
  0.2083D+01    0.8013D-02   -0.1170D-03   400
  0.2101D+01    0.7515D-02   -0.1097D-03   400
  0.2120D+01    0.7043D-02   -0.1028D-03   400
  0.2138D+01    0.6598D-02   -0.9631D-04   400
  0.2157D+01    0.6177D-02   -0.9016D-04   400
  0.2176D+01    0.5779D-02   -0.8436D-04   400
  0.2195D+01    0.5404D-02   -0.7888D-04   400
  0.2214D+01    0.5050D-02   -0.7372D-04   400
  0.2233D+01    0.4716D-02   -0.6885D-04   400
  0.2252D+01    0.4402D-02   -0.6426D-04   400
  0.2272D+01    0.4106D-02   -0.5994D-04   400
  0.2292D+01    0.3828D-02   -0.5588D-04   400
  0.2311D+01    0.3566D-02   -0.5206D-04   400
  0.2331D+01    0.3320D-02   -0.4847D-04   400
  0.2352D+01    0.3090D-02   -0.4510D-04   400
  0.2372D+01    0.2873D-02   -0.4194D-04   400
  0.2392D+01    0.2670D-02   -0.3897D-04   400
  0.2413D+01    0.2479D-02   -0.3619D-04   400
  0.2434D+01    0.2301D-02   -0.3359D-04   400
  0.2455D+01    0.2134D-02   -0.3115D-04   400
  0.2476D+01    0.1978D-02   -0.2888D-04   400
  0.2497D+01    0.1832D-02   -0.2675D-04   400
  0.2519D+01    0.1696D-02   -0.2476D-04   400
  0.2540D+01    0.1569D-02   -0.2290D-04   400
  0.2562D+01    0.1450D-02   -0.2117D-04   400
  0.2584D+01    0.1339D-02   -0.1955D-04   400
  0.2606D+01    0.1236D-02   -0.1805D-04   400
  0.2629D+01    0.1140D-02   -0.1665D-04   400
  0.2651D+01    0.1051D-02   -0.1535D-04   400
  0.2674D+01    0.9684D-03   -0.1414D-04   400
  0.2697D+01    0.8914D-03   -0.1301D-04   400
  0.2720D+01    0.8199D-03   -0.1197D-04   400
  0.2743D+01    0.7536D-03   -0.1100D-04   400
  0.2766D+01    0.6922D-03   -0.1010D-04   400
  0.2790D+01    0.6353D-03   -0.9273D-05   400
  0.2813D+01    0.5826D-03   -0.8505D-05   400
  0.2837D+01    0.5339D-03   -0.7794D-05   400
  0.2862D+01    0.4889D-03   -0.7137D-05   400
  0.2886D+01    0.4474D-03   -0.6531D-05   400
  0.2910D+01    0.4091D-03   -0.5972D-05   400
  0.2935D+01    0.3738D-03   -0.5456D-05   400
  0.2960D+01    0.3412D-03   -0.4981D-05   400
  0.2985D+01    0.3113D-03   -0.4544D-05   400
  0.3010D+01    0.2837D-03   -0.4142D-05   400
  0.3036D+01    0.2584D-03   -0.3772D-05   400
  0.3061D+01    0.2352D-03   -0.3433D-05   400
  0.3087D+01    0.2138D-03   -0.3121D-05   400
  0.3113D+01    0.1943D-03   -0.2836D-05   400
  0.3140D+01    0.1764D-03   -0.2575D-05   400
  0.3166D+01    0.1600D-03   -0.2335D-05   400
  0.3193D+01    0.1450D-03   -0.2117D-05   400
  0.3220D+01    0.1313D-03   -0.1917D-05   400
  0.3247D+01    0.1188D-03   -0.1734D-05   400
  0.3274D+01    0.1074D-03   -0.1568D-05   400
  0.3302D+01    0.9701D-04   -0.1416D-05   400
  0.3329D+01    0.8754D-04   -0.1278D-05   400
  0.3357D+01    0.7894D-04   -0.1152D-05   400
  0.3386D+01    0.7111D-04   -0.1038D-05   400
  0.3414D+01    0.6401D-04   -0.9344D-06   400
  0.3443D+01    0.5756D-04   -0.8403D-06   400
  0.3471D+01    0.5172D-04   -0.7550D-06   400
  0.3501D+01    0.4643D-04   -0.6777D-06   400
  0.3530D+01    0.4164D-04   -0.6078D-06   400
  0.3559D+01    0.3731D-04   -0.5446D-06   400
  0.3589D+01    0.3340D-04   -0.4875D-06   400
  0.3619D+01    0.2987D-04   -0.4360D-06   400
  0.3649D+01    0.2669D-04   -0.3896D-06   400
  0.3680D+01    0.2382D-04   -0.3478D-06   400
  0.3710D+01    0.2125D-04   -0.3101D-06   400
  0.3741D+01    0.1893D-04   -0.2763D-06   400
  0.3773D+01    0.1685D-04   -0.2460D-06   400
  0.3804D+01    0.1498D-04   -0.2187D-06   400
  0.3836D+01    0.1331D-04   -0.1943D-06   400
  0.3868D+01    0.1181D-04   -0.1724D-06   400
  0.3900D+01    0.1047D-04   -0.1529D-06   400
  0.3932D+01    0.9274D-05   -0.1354D-06   400
  0.3965D+01    0.8206D-05   -0.1198D-06   400
  0.3998D+01    0.7253D-05   -0.1059D-06   400
  0.4031D+01    0.6404D-05   -0.9348D-07   400
  0.4064D+01    0.5649D-05   -0.8246D-07   400
  0.4098D+01    0.4977D-05   -0.7265D-07   400
  0.4132D+01    0.4381D-05   -0.6395D-07   400
  0.4166D+01    0.3852D-05   -0.5623D-07   400
  0.4201D+01    0.3383D-05   -0.4938D-07   400
  0.4236D+01    0.2968D-05   -0.4333D-07   400
  0.4271D+01    0.2601D-05   -0.3797D-07   400
  0.4306D+01    0.2277D-05   -0.3324D-07   400
  0.4342D+01    0.1991D-05   -0.2907D-07   400
  0.4377D+01    0.1739D-05   -0.2539D-07   400
  0.4414D+01    0.1518D-05   -0.2215D-07   400
  0.4450D+01    0.1323D-05   -0.1931D-07   400
  0.4487D+01    0.1151D-05   -0.1681D-07   400
  0.4524D+01    0.1001D-05   -0.1461D-07   400
  0.4561D+01    0.8695D-06   -0.1269D-07   400
  0.4599D+01    0.7543D-06   -0.1101D-07   400
  0.4637D+01    0.6536D-06   -0.9541D-08   400
  0.4675D+01    0.5656D-06   -0.8257D-08   400
  0.4713D+01    0.4889D-06   -0.7137D-08   400
  0.4752D+01    0.4221D-06   -0.6162D-08   400
  0.4791D+01    0.3640D-06   -0.5314D-08   400
  0.4830D+01    0.3135D-06   -0.4577D-08   400
  0.4870D+01    0.2697D-06   -0.3937D-08   400
  0.4910D+01    0.2317D-06   -0.3382D-08   400
  0.4950D+01    0.1988D-06   -0.2902D-08   400
  0.4991D+01    0.1704D-06   -0.2487D-08   400
  0.5032D+01    0.1458D-06   -0.2129D-08   400
  0.5073D+01    0.1246D-06   -0.1820D-08   400
  0.5115D+01    0.1064D-06   -0.1553D-08   400
  0.5157D+01    0.9072D-07   -0.1324D-08   400
  0.5199D+01    0.7725D-07   -0.1128D-08   400
  0.5242D+01    0.6568D-07   -0.9589D-09   400
  0.5284D+01    0.5578D-07   -0.8143D-09   400
  0.5328D+01    0.4730D-07   -0.6905D-09   400


   state:    2s 
  energy:    0.2001D+01


      r          p( 2s )       q( 2s )     npt
  0.0000D+00    0.0000D+00   -0.0000D+00   400
  0.1953D-02    0.1099D-01   -0.1607D-03   400
  0.3922D-02    0.2188D-01   -0.3207D-03   400
  0.5905D-02    0.3269D-01   -0.4800D-03   400
  0.7905D-02    0.4340D-01   -0.6386D-03   400
  0.9919D-02    0.5401D-01   -0.7964D-03   400
  0.1195D-01    0.6453D-01   -0.9536D-03   400
  0.1400D-01    0.7495D-01   -0.1110D-02   400
  0.1606D-01    0.8528D-01   -0.1266D-02   400
  0.1814D-01    0.9550D-01   -0.1420D-02   400
  0.2023D-01    0.1056D+00   -0.1574D-02   400
  0.2234D-01    0.1156D+00   -0.1727D-02   400
  0.2447D-01    0.1255D+00   -0.1880D-02   400
  0.2662D-01    0.1353D+00   -0.2031D-02   400
  0.2878D-01    0.1450D+00   -0.2182D-02   400
  0.3095D-01    0.1546D+00   -0.2331D-02   400
  0.3315D-01    0.1641D+00   -0.2480D-02   400
  0.3536D-01    0.1734D+00   -0.2628D-02   400
  0.3759D-01    0.1826D+00   -0.2774D-02   400
  0.3984D-01    0.1917D+00   -0.2920D-02   400
  0.4210D-01    0.2007D+00   -0.3065D-02   400
  0.4438D-01    0.2096D+00   -0.3208D-02   400
  0.4668D-01    0.2183D+00   -0.3351D-02   400
  0.4900D-01    0.2269D+00   -0.3493D-02   400
  0.5134D-01    0.2354D+00   -0.3633D-02   400
  0.5369D-01    0.2437D+00   -0.3772D-02   400
  0.5606D-01    0.2520D+00   -0.3910D-02   400
  0.5846D-01    0.2600D+00   -0.4047D-02   400
  0.6087D-01    0.2680D+00   -0.4183D-02   400
  0.6329D-01    0.2758D+00   -0.4318D-02   400
  0.6574D-01    0.2834D+00   -0.4451D-02   400
  0.6821D-01    0.2910D+00   -0.4583D-02   400
  0.7069D-01    0.2983D+00   -0.4714D-02   400
  0.7320D-01    0.3056D+00   -0.4843D-02   400
  0.7573D-01    0.3126D+00   -0.4972D-02   400
  0.7827D-01    0.3196D+00   -0.5098D-02   400
  0.8083D-01    0.3264D+00   -0.5224D-02   400
  0.8342D-01    0.3330D+00   -0.5348D-02   400
  0.8602D-01    0.3395D+00   -0.5471D-02   400
  0.8865D-01    0.3458D+00   -0.5592D-02   400
  0.9129D-01    0.3519D+00   -0.5712D-02   400
  0.9396D-01    0.3579D+00   -0.5830D-02   400
  0.9665D-01    0.3638D+00   -0.5947D-02   400
  0.9936D-01    0.3694D+00   -0.6062D-02   400
  0.1021D+00    0.3749D+00   -0.6176D-02   400
  0.1048D+00    0.3803D+00   -0.6288D-02   400
  0.1076D+00    0.3854D+00   -0.6399D-02   400
  0.1104D+00    0.3904D+00   -0.6508D-02   400
  0.1132D+00    0.3953D+00   -0.6615D-02   400
  0.1161D+00    0.3999D+00   -0.6721D-02   400
  0.1189D+00    0.4044D+00   -0.6825D-02   400
  0.1218D+00    0.4087D+00   -0.6927D-02   400
  0.1247D+00    0.4128D+00   -0.7028D-02   400
  0.1276D+00    0.4168D+00   -0.7127D-02   400
  0.1306D+00    0.4205D+00   -0.7224D-02   400
  0.1336D+00    0.4241D+00   -0.7320D-02   400
  0.1365D+00    0.4275D+00   -0.7413D-02   400
  0.1396D+00    0.4307D+00   -0.7505D-02   400
  0.1426D+00    0.4337D+00   -0.7595D-02   400
  0.1457D+00    0.4366D+00   -0.7684D-02   400
  0.1488D+00    0.4392D+00   -0.7770D-02   400
  0.1519D+00    0.4416D+00   -0.7854D-02   400
  0.1550D+00    0.4439D+00   -0.7937D-02   400
  0.1582D+00    0.4460D+00   -0.8018D-02   400
  0.1614D+00    0.4478D+00   -0.8097D-02   400
  0.1646D+00    0.4495D+00   -0.8173D-02   400
  0.1678D+00    0.4510D+00   -0.8248D-02   400
  0.1711D+00    0.4523D+00   -0.8321D-02   400
  0.1744D+00    0.4534D+00   -0.8392D-02   400
  0.1777D+00    0.4543D+00   -0.8461D-02   400
  0.1810D+00    0.4550D+00   -0.8527D-02   400
  0.1844D+00    0.4554D+00   -0.8592D-02   400
  0.1878D+00    0.4557D+00   -0.8655D-02   400
  0.1912D+00    0.4558D+00   -0.8716D-02   400
  0.1947D+00    0.4557D+00   -0.8774D-02   400
  0.1981D+00    0.4553D+00   -0.8830D-02   400
  0.2016D+00    0.4548D+00   -0.8885D-02   400
  0.2052D+00    0.4541D+00   -0.8937D-02   400
  0.2087D+00    0.4531D+00   -0.8987D-02   400
  0.2123D+00    0.4520D+00   -0.9035D-02   400
  0.2159D+00    0.4506D+00   -0.9080D-02   400
  0.2196D+00    0.4491D+00   -0.9124D-02   400
  0.2232D+00    0.4473D+00   -0.9165D-02   400
  0.2269D+00    0.4453D+00   -0.9204D-02   400
  0.2307D+00    0.4431D+00   -0.9241D-02   400
  0.2344D+00    0.4407D+00   -0.9275D-02   400
  0.2382D+00    0.4381D+00   -0.9308D-02   400
  0.2420D+00    0.4353D+00   -0.9338D-02   400
  0.2459D+00    0.4323D+00   -0.9366D-02   400
  0.2497D+00    0.4291D+00   -0.9391D-02   400
  0.2536D+00    0.4256D+00   -0.9414D-02   400
  0.2576D+00    0.4220D+00   -0.9435D-02   400
  0.2615D+00    0.4181D+00   -0.9454D-02   400
  0.2655D+00    0.4141D+00   -0.9471D-02   400
  0.2696D+00    0.4098D+00   -0.9485D-02   400
  0.2736D+00    0.4053D+00   -0.9497D-02   400
  0.2777D+00    0.4007D+00   -0.9506D-02   400
  0.2818D+00    0.3958D+00   -0.9513D-02   400
  0.2860D+00    0.3907D+00   -0.9518D-02   400
  0.2902D+00    0.3854D+00   -0.9521D-02   400
  0.2944D+00    0.3799D+00   -0.9521D-02   400
  0.2986D+00    0.3742D+00   -0.9519D-02   400
  0.3029D+00    0.3683D+00   -0.9514D-02   400
  0.3073D+00    0.3622D+00   -0.9508D-02   400
  0.3116D+00    0.3560D+00   -0.9499D-02   400
  0.3160D+00    0.3495D+00   -0.9487D-02   400
  0.3204D+00    0.3428D+00   -0.9474D-02   400
  0.3249D+00    0.3359D+00   -0.9458D-02   400
  0.3294D+00    0.3288D+00   -0.9439D-02   400
  0.3339D+00    0.3216D+00   -0.9419D-02   400
  0.3385D+00    0.3141D+00   -0.9396D-02   400
  0.3430D+00    0.3065D+00   -0.9371D-02   400
  0.3477D+00    0.2987D+00   -0.9343D-02   400
  0.3524D+00    0.2907D+00   -0.9313D-02   400
  0.3571D+00    0.2825D+00   -0.9281D-02   400
  0.3618D+00    0.2741D+00   -0.9247D-02   400
  0.3666D+00    0.2655D+00   -0.9210D-02   400
  0.3714D+00    0.2568D+00   -0.9172D-02   400
  0.3763D+00    0.2479D+00   -0.9130D-02   400
  0.3811D+00    0.2388D+00   -0.9087D-02   400
  0.3861D+00    0.2296D+00   -0.9042D-02   400
  0.3910D+00    0.2202D+00   -0.8994D-02   400
  0.3961D+00    0.2106D+00   -0.8944D-02   400
  0.4011D+00    0.2009D+00   -0.8892D-02   400
  0.4062D+00    0.1910D+00   -0.8838D-02   400
  0.4113D+00    0.1809D+00   -0.8782D-02   400
  0.4165D+00    0.1707D+00   -0.8723D-02   400
  0.4217D+00    0.1604D+00   -0.8663D-02   400
  0.4269D+00    0.1499D+00   -0.8600D-02   400
  0.4322D+00    0.1393D+00   -0.8535D-02   400
  0.4376D+00    0.1285D+00   -0.8469D-02   400
  0.4429D+00    0.1176D+00   -0.8400D-02   400
  0.4483D+00    0.1065D+00   -0.8329D-02   400
  0.4538D+00    0.9532D-01   -0.8256D-02   400
  0.4593D+00    0.8401D-01   -0.8182D-02   400
  0.4648D+00    0.7258D-01   -0.8105D-02   400
  0.4704D+00    0.6103D-01   -0.8027D-02   400
  0.4760D+00    0.4937D-01   -0.7946D-02   400
  0.4817D+00    0.3759D-01   -0.7864D-02   400
  0.4874D+00    0.2571D-01   -0.7780D-02   400
  0.4932D+00    0.1372D-01   -0.7694D-02   400
  0.4990D+00    0.1633D-02   -0.7607D-02   400
  0.5049D+00   -0.1055D-01   -0.7517D-02   400
  0.5108D+00   -0.2282D-01   -0.7426D-02   400
  0.5167D+00   -0.3518D-01   -0.7334D-02   400
  0.5227D+00   -0.4762D-01   -0.7239D-02   400
  0.5287D+00   -0.6014D-01   -0.7144D-02   400
  0.5348D+00   -0.7273D-01   -0.7046D-02   400
  0.5409D+00   -0.8539D-01   -0.6947D-02   400
  0.5471D+00   -0.9812D-01   -0.6847D-02   400
  0.5533D+00   -0.1109D+00   -0.6745D-02   400
  0.5596D+00   -0.1237D+00   -0.6641D-02   400
  0.5659D+00   -0.1366D+00   -0.6537D-02   400
  0.5723D+00   -0.1496D+00   -0.6431D-02   400
  0.5787D+00   -0.1625D+00   -0.6323D-02   400
  0.5852D+00   -0.1755D+00   -0.6214D-02   400
  0.5917D+00   -0.1886D+00   -0.6105D-02   400
  0.5983D+00   -0.2016D+00   -0.5994D-02   400
  0.6049D+00   -0.2147D+00   -0.5881D-02   400
  0.6116D+00   -0.2278D+00   -0.5768D-02   400
  0.6184D+00   -0.2409D+00   -0.5654D-02   400
  0.6251D+00   -0.2540D+00   -0.5538D-02   400
  0.6320D+00   -0.2671D+00   -0.5422D-02   400
  0.6389D+00   -0.2802D+00   -0.5305D-02   400
  0.6458D+00   -0.2933D+00   -0.5187D-02   400
  0.6528D+00   -0.3064D+00   -0.5068D-02   400
  0.6599D+00   -0.3194D+00   -0.4948D-02   400
  0.6670D+00   -0.3324D+00   -0.4827D-02   400
  0.6741D+00   -0.3454D+00   -0.4706D-02   400
  0.6814D+00   -0.3583D+00   -0.4584D-02   400
  0.6886D+00   -0.3712D+00   -0.4462D-02   400
  0.6960D+00   -0.3841D+00   -0.4339D-02   400
  0.7034D+00   -0.3969D+00   -0.4216D-02   400
  0.7108D+00   -0.4096D+00   -0.4092D-02   400
  0.7183D+00   -0.4223D+00   -0.3967D-02   400
  0.7259D+00   -0.4348D+00   -0.3843D-02   400
  0.7335D+00   -0.4474D+00   -0.3718D-02   400
  0.7412D+00   -0.4598D+00   -0.3593D-02   400
  0.7489D+00   -0.4721D+00   -0.3467D-02   400
  0.7567D+00   -0.4844D+00   -0.3342D-02   400
  0.7646D+00   -0.4965D+00   -0.3216D-02   400
  0.7725D+00   -0.5085D+00   -0.3091D-02   400
  0.7805D+00   -0.5205D+00   -0.2965D-02   400
  0.7886D+00   -0.5323D+00   -0.2839D-02   400
  0.7967D+00   -0.5439D+00   -0.2714D-02   400
  0.8049D+00   -0.5555D+00   -0.2589D-02   400
  0.8131D+00   -0.5669D+00   -0.2463D-02   400
  0.8214D+00   -0.5782D+00   -0.2339D-02   400
  0.8298D+00   -0.5893D+00   -0.2214D-02   400
  0.8382D+00   -0.6003D+00   -0.2090D-02   400
  0.8467D+00   -0.6112D+00   -0.1966D-02   400
  0.8553D+00   -0.6219D+00   -0.1843D-02   400
  0.8639D+00   -0.6324D+00   -0.1720D-02   400
  0.8726D+00   -0.6427D+00   -0.1598D-02   400
  0.8814D+00   -0.6529D+00   -0.1477D-02   400
  0.8902D+00   -0.6629D+00   -0.1356D-02   400
  0.8991D+00   -0.6727D+00   -0.1236D-02   400
  0.9081D+00   -0.6823D+00   -0.1116D-02   400
  0.9172D+00   -0.6918D+00   -0.9976D-03   400
  0.9263D+00   -0.7010D+00   -0.8800D-03   400
  0.9355D+00   -0.7100D+00   -0.7632D-03   400
  0.9447D+00   -0.7189D+00   -0.6474D-03   400
  0.9541D+00   -0.7275D+00   -0.5326D-03   400
  0.9635D+00   -0.7359D+00   -0.4189D-03   400
  0.9729D+00   -0.7441D+00   -0.3062D-03   400
  0.9825D+00   -0.7520D+00   -0.1947D-03   400
  0.9921D+00   -0.7598D+00   -0.8446D-04   400
  0.1002D+01   -0.7673D+00    0.2460D-04   400
  0.1012D+01   -0.7746D+00    0.1324D-03   400
  0.1021D+01   -0.7816D+00    0.2388D-03   400
  0.1031D+01   -0.7884D+00    0.3439D-03   400
  0.1041D+01   -0.7950D+00    0.4476D-03   400
  0.1052D+01   -0.8013D+00    0.5499D-03   400
  0.1062D+01   -0.8074D+00    0.6507D-03   400
  0.1072D+01   -0.8132D+00    0.7499D-03   400
  0.1082D+01   -0.8187D+00    0.8476D-03   400
  0.1093D+01   -0.8240D+00    0.9437D-03   400
  0.1103D+01   -0.8291D+00    0.1038D-02   400
  0.1114D+01   -0.8339D+00    0.1131D-02   400
  0.1124D+01   -0.8384D+00    0.1222D-02   400
  0.1135D+01   -0.8427D+00    0.1311D-02   400
  0.1146D+01   -0.8467D+00    0.1399D-02   400
  0.1157D+01   -0.8504D+00    0.1485D-02   400
  0.1168D+01   -0.8538D+00    0.1569D-02   400
  0.1179D+01   -0.8570D+00    0.1651D-02   400
  0.1190D+01   -0.8599D+00    0.1732D-02   400
  0.1201D+01   -0.8626D+00    0.1810D-02   400
  0.1213D+01   -0.8650D+00    0.1886D-02   400
  0.1224D+01   -0.8670D+00    0.1961D-02   400
  0.1236D+01   -0.8689D+00    0.2034D-02   400
  0.1247D+01   -0.8704D+00    0.2104D-02   400
  0.1259D+01   -0.8717D+00    0.2173D-02   400
  0.1271D+01   -0.8727D+00    0.2240D-02   400
  0.1283D+01   -0.8734D+00    0.2304D-02   400
  0.1295D+01   -0.8739D+00    0.2367D-02   400
  0.1307D+01   -0.8741D+00    0.2427D-02   400
  0.1319D+01   -0.8740D+00    0.2486D-02   400
  0.1331D+01   -0.8736D+00    0.2542D-02   400
  0.1343D+01   -0.8730D+00    0.2596D-02   400
  0.1356D+01   -0.8721D+00    0.2648D-02   400
  0.1368D+01   -0.8709D+00    0.2698D-02   400
  0.1381D+01   -0.8695D+00    0.2746D-02   400
  0.1394D+01   -0.8678D+00    0.2792D-02   400
  0.1407D+01   -0.8658D+00    0.2836D-02   400
  0.1420D+01   -0.8636D+00    0.2878D-02   400
  0.1433D+01   -0.8611D+00    0.2917D-02   400
  0.1446D+01   -0.8584D+00    0.2955D-02   400
  0.1459D+01   -0.8554D+00    0.2990D-02   400
  0.1472D+01   -0.8522D+00    0.3023D-02   400
  0.1486D+01   -0.8487D+00    0.3054D-02   400
  0.1499D+01   -0.8450D+00    0.3083D-02   400
  0.1513D+01   -0.8411D+00    0.3110D-02   400
  0.1527D+01   -0.8369D+00    0.3135D-02   400
  0.1541D+01   -0.8325D+00    0.3158D-02   400
  0.1555D+01   -0.8278D+00    0.3179D-02   400
  0.1569D+01   -0.8230D+00    0.3198D-02   400
  0.1583D+01   -0.8179D+00    0.3215D-02   400
  0.1597D+01   -0.8126D+00    0.3230D-02   400
  0.1612D+01   -0.8071D+00    0.3242D-02   400
  0.1626D+01   -0.8013D+00    0.3253D-02   400
  0.1641D+01   -0.7954D+00    0.3262D-02   400
  0.1656D+01   -0.7893D+00    0.3270D-02   400
  0.1671D+01   -0.7830D+00    0.3275D-02   400
  0.1686D+01   -0.7765D+00    0.3278D-02   400
  0.1701D+01   -0.7698D+00    0.3280D-02   400
  0.1716D+01   -0.7629D+00    0.3280D-02   400
  0.1731D+01   -0.7559D+00    0.3278D-02   400
  0.1747D+01   -0.7487D+00    0.3274D-02   400
  0.1762D+01   -0.7413D+00    0.3269D-02   400
  0.1778D+01   -0.7338D+00    0.3262D-02   400
  0.1794D+01   -0.7261D+00    0.3253D-02   400
  0.1810D+01   -0.7183D+00    0.3242D-02   400
  0.1826D+01   -0.7104D+00    0.3231D-02   400
  0.1842D+01   -0.7023D+00    0.3217D-02   400
  0.1859D+01   -0.6941D+00    0.3202D-02   400
  0.1875D+01   -0.6857D+00    0.3186D-02   400
  0.1892D+01   -0.6773D+00    0.3168D-02   400
  0.1908D+01   -0.6687D+00    0.3149D-02   400
  0.1925D+01   -0.6601D+00    0.3128D-02   400
  0.1942D+01   -0.6513D+00    0.3106D-02   400
  0.1959D+01   -0.6425D+00    0.3083D-02   400
  0.1977D+01   -0.6335D+00    0.3059D-02   400
  0.1994D+01   -0.6245D+00    0.3033D-02   400
  0.2012D+01   -0.6154D+00    0.3007D-02   400
  0.2029D+01   -0.6063D+00    0.2979D-02   400
  0.2047D+01   -0.5971D+00    0.2950D-02   400
  0.2065D+01   -0.5878D+00    0.2920D-02   400
  0.2083D+01   -0.5785D+00    0.2889D-02   400
  0.2101D+01   -0.5691D+00    0.2857D-02   400
  0.2120D+01   -0.5597D+00    0.2825D-02   400
  0.2138D+01   -0.5503D+00    0.2791D-02   400
  0.2157D+01   -0.5409D+00    0.2757D-02   400
  0.2176D+01   -0.5314D+00    0.2722D-02   400
  0.2195D+01   -0.5219D+00    0.2686D-02   400
  0.2214D+01   -0.5125D+00    0.2649D-02   400
  0.2233D+01   -0.5030D+00    0.2612D-02   400
  0.2252D+01   -0.4935D+00    0.2575D-02   400
  0.2272D+01   -0.4840D+00    0.2536D-02   400
  0.2292D+01   -0.4746D+00    0.2497D-02   400
  0.2311D+01   -0.4652D+00    0.2458D-02   400
  0.2331D+01   -0.4557D+00    0.2419D-02   400
  0.2352D+01   -0.4464D+00    0.2379D-02   400
  0.2372D+01   -0.4370D+00    0.2338D-02   400
  0.2392D+01   -0.4277D+00    0.2297D-02   400
  0.2413D+01   -0.4185D+00    0.2256D-02   400
  0.2434D+01   -0.4093D+00    0.2215D-02   400
  0.2455D+01   -0.4002D+00    0.2174D-02   400
  0.2476D+01   -0.3911D+00    0.2132D-02   400
  0.2497D+01   -0.3821D+00    0.2091D-02   400
  0.2519D+01   -0.3731D+00    0.2049D-02   400
  0.2540D+01   -0.3643D+00    0.2007D-02   400
  0.2562D+01   -0.3555D+00    0.1966D-02   400
  0.2584D+01   -0.3468D+00    0.1924D-02   400
  0.2606D+01   -0.3381D+00    0.1882D-02   400
  0.2629D+01   -0.3296D+00    0.1841D-02   400
  0.2651D+01   -0.3211D+00    0.1799D-02   400
  0.2674D+01   -0.3128D+00    0.1758D-02   400
  0.2697D+01   -0.3045D+00    0.1717D-02   400
  0.2720D+01   -0.2964D+00    0.1676D-02   400
  0.2743D+01   -0.2883D+00    0.1636D-02   400
  0.2766D+01   -0.2804D+00    0.1595D-02   400
  0.2790D+01   -0.2726D+00    0.1555D-02   400
  0.2813D+01   -0.2649D+00    0.1516D-02   400
  0.2837D+01   -0.2573D+00    0.1476D-02   400
  0.2862D+01   -0.2498D+00    0.1437D-02   400
  0.2886D+01   -0.2424D+00    0.1399D-02   400
  0.2910D+01   -0.2352D+00    0.1361D-02   400
  0.2935D+01   -0.2281D+00    0.1323D-02   400
  0.2960D+01   -0.2211D+00    0.1286D-02   400
  0.2985D+01   -0.2142D+00    0.1249D-02   400
  0.3010D+01   -0.2074D+00    0.1213D-02   400
  0.3036D+01   -0.2008D+00    0.1177D-02   400
  0.3061D+01   -0.1943D+00    0.1142D-02   400
  0.3087D+01   -0.1880D+00    0.1107D-02   400
  0.3113D+01   -0.1817D+00    0.1073D-02   400
  0.3140D+01   -0.1756D+00    0.1039D-02   400
  0.3166D+01   -0.1697D+00    0.1006D-02   400
  0.3193D+01   -0.1638D+00    0.9737D-03   400
  0.3220D+01   -0.1581D+00    0.9419D-03   400
  0.3247D+01   -0.1525D+00    0.9107D-03   400
  0.3274D+01   -0.1471D+00    0.8801D-03   400
  0.3302D+01   -0.1418D+00    0.8501D-03   400
  0.3329D+01   -0.1366D+00    0.8207D-03   400
  0.3357D+01   -0.1315D+00    0.7920D-03   400
  0.3386D+01   -0.1266D+00    0.7639D-03   400
  0.3414D+01   -0.1218D+00    0.7364D-03   400
  0.3443D+01   -0.1171D+00    0.7096D-03   400
  0.3471D+01   -0.1126D+00    0.6834D-03   400
  0.3501D+01   -0.1081D+00    0.6578D-03   400
  0.3530D+01   -0.1038D+00    0.6329D-03   400
  0.3559D+01   -0.9967D-01    0.6086D-03   400
  0.3589D+01   -0.9561D-01    0.5849D-03   400
  0.3619D+01   -0.9168D-01    0.5619D-03   400
  0.3649D+01   -0.8787D-01    0.5395D-03   400
  0.3680D+01   -0.8417D-01    0.5177D-03   400
  0.3710D+01   -0.8058D-01    0.4966D-03   400
  0.3741D+01   -0.7712D-01    0.4760D-03   400
  0.3773D+01   -0.7376D-01    0.4561D-03   400
  0.3804D+01   -0.7051D-01    0.4368D-03   400
  0.3836D+01   -0.6738D-01    0.4181D-03   400
  0.3868D+01   -0.6434D-01    0.3999D-03   400
  0.3900D+01   -0.6142D-01    0.3824D-03   400
  0.3932D+01   -0.5859D-01    0.3654D-03   400
  0.3965D+01   -0.5587D-01    0.3489D-03   400
  0.3998D+01   -0.5324D-01    0.3331D-03   400
  0.4031D+01   -0.5071D-01    0.3177D-03   400
  0.4064D+01   -0.4828D-01    0.3029D-03   400
  0.4098D+01   -0.4593D-01    0.2887D-03   400
  0.4132D+01   -0.4368D-01    0.2749D-03   400
  0.4166D+01   -0.4152D-01    0.2617D-03   400
  0.4201D+01   -0.3944D-01    0.2489D-03   400
  0.4236D+01   -0.3744D-01    0.2367D-03   400
  0.4271D+01   -0.3552D-01    0.2249D-03   400
  0.4306D+01   -0.3369D-01    0.2136D-03   400
  0.4342D+01   -0.3193D-01    0.2027D-03   400
  0.4377D+01   -0.3024D-01    0.1923D-03   400
  0.4414D+01   -0.2863D-01    0.1823D-03   400
  0.4450D+01   -0.2709D-01    0.1727D-03   400
  0.4487D+01   -0.2561D-01    0.1635D-03   400
  0.4524D+01   -0.2420D-01    0.1547D-03   400
  0.4561D+01   -0.2286D-01    0.1463D-03   400
  0.4599D+01   -0.2157D-01    0.1383D-03   400
  0.4637D+01   -0.2035D-01    0.1306D-03   400
  0.4675D+01   -0.1919D-01    0.1233D-03   400
  0.4713D+01   -0.1808D-01    0.1163D-03   400
  0.4752D+01   -0.1702D-01    0.1096D-03   400
  0.4791D+01   -0.1602D-01    0.1033D-03   400
  0.4830D+01   -0.1506D-01    0.9723D-04   400
  0.4870D+01   -0.1415D-01    0.9149D-04   400
  0.4910D+01   -0.1329D-01    0.8603D-04   400
  0.4950D+01   -0.1248D-01    0.8084D-04   400
  0.4991D+01   -0.1170D-01    0.7591D-04   400
  0.5032D+01   -0.1097D-01    0.7124D-04   400
  0.5073D+01   -0.1028D-01    0.6681D-04   400
  0.5115D+01   -0.9621D-02    0.6261D-04   400
  0.5157D+01   -0.9001D-02    0.5864D-04   400
  0.5199D+01   -0.8415D-02    0.5488D-04   400
  0.5242D+01   -0.7862D-02    0.5133D-04   400
  0.5284D+01   -0.7340D-02    0.4798D-04   400
  0.5328D+01   -0.6849D-02    0.4481D-04   400


   state:    2p-
  energy:    0.2001D+01


      r          p( 2p-)       q( 2p-)     npt
  0.0000D+00    0.0000D+00    0.0000D+00   400
  0.1953D-02    0.2693D-04    0.1393D-03   400
  0.3922D-02    0.1040D-03    0.2781D-03   400
  0.5905D-02    0.2317D-03    0.4165D-03   400
  0.7905D-02    0.4107D-03    0.5545D-03   400
  0.9919D-02    0.6416D-03    0.6921D-03   400
  0.1195D-01    0.9248D-03    0.8292D-03   400
  0.1400D-01    0.1261D-02    0.9658D-03   400
  0.1606D-01    0.1651D-02    0.1102D-02   400
  0.1814D-01    0.2094D-02    0.1238D-02   400
  0.2023D-01    0.2593D-02    0.1373D-02   400
  0.2234D-01    0.3146D-02    0.1507D-02   400
  0.2447D-01    0.3756D-02    0.1642D-02   400
  0.2662D-01    0.4421D-02    0.1775D-02   400
  0.2878D-01    0.5143D-02    0.1908D-02   400
  0.3095D-01    0.5923D-02    0.2040D-02   400
  0.3315D-01    0.6760D-02    0.2172D-02   400
  0.3536D-01    0.7656D-02    0.2303D-02   400
  0.3759D-01    0.8611D-02    0.2434D-02   400
  0.3984D-01    0.9625D-02    0.2564D-02   400
  0.4210D-01    0.1070D-01    0.2693D-02   400
  0.4438D-01    0.1183D-01    0.2822D-02   400
  0.4668D-01    0.1303D-01    0.2950D-02   400
  0.4900D-01    0.1429D-01    0.3077D-02   400
  0.5134D-01    0.1561D-01    0.3203D-02   400
  0.5369D-01    0.1699D-01    0.3329D-02   400
  0.5606D-01    0.1843D-01    0.3454D-02   400
  0.5846D-01    0.1994D-01    0.3578D-02   400
  0.6087D-01    0.2151D-01    0.3701D-02   400
  0.6329D-01    0.2314D-01    0.3824D-02   400
  0.6574D-01    0.2484D-01    0.3945D-02   400
  0.6821D-01    0.2661D-01    0.4066D-02   400
  0.7069D-01    0.2844D-01    0.4186D-02   400
  0.7320D-01    0.3034D-01    0.4305D-02   400
  0.7573D-01    0.3230D-01    0.4423D-02   400
  0.7827D-01    0.3433D-01    0.4540D-02   400
  0.8083D-01    0.3642D-01    0.4657D-02   400
  0.8342D-01    0.3859D-01    0.4772D-02   400
  0.8602D-01    0.4082D-01    0.4886D-02   400
  0.8865D-01    0.4312D-01    0.5000D-02   400
  0.9129D-01    0.4549D-01    0.5112D-02   400
  0.9396D-01    0.4792D-01    0.5224D-02   400
  0.9665D-01    0.5043D-01    0.5334D-02   400
  0.9936D-01    0.5300D-01    0.5443D-02   400
  0.1021D+00    0.5565D-01    0.5551D-02   400
  0.1048D+00    0.5836D-01    0.5658D-02   400
  0.1076D+00    0.6115D-01    0.5764D-02   400
  0.1104D+00    0.6400D-01    0.5869D-02   400
  0.1132D+00    0.6693D-01    0.5973D-02   400
  0.1161D+00    0.6992D-01    0.6075D-02   400
  0.1189D+00    0.7299D-01    0.6177D-02   400
  0.1218D+00    0.7613D-01    0.6277D-02   400
  0.1247D+00    0.7934D-01    0.6376D-02   400
  0.1276D+00    0.8262D-01    0.6473D-02   400
  0.1306D+00    0.8597D-01    0.6570D-02   400
  0.1336D+00    0.8939D-01    0.6665D-02   400
  0.1365D+00    0.9288D-01    0.6759D-02   400
  0.1396D+00    0.9645D-01    0.6852D-02   400
  0.1426D+00    0.1001D+00    0.6943D-02   400
  0.1457D+00    0.1038D+00    0.7033D-02   400
  0.1488D+00    0.1076D+00    0.7121D-02   400
  0.1519D+00    0.1114D+00    0.7209D-02   400
  0.1550D+00    0.1154D+00    0.7294D-02   400
  0.1582D+00    0.1194D+00    0.7379D-02   400
  0.1614D+00    0.1234D+00    0.7462D-02   400
  0.1646D+00    0.1276D+00    0.7544D-02   400
  0.1678D+00    0.1318D+00    0.7624D-02   400
  0.1711D+00    0.1360D+00    0.7702D-02   400
  0.1744D+00    0.1404D+00    0.7780D-02   400
  0.1777D+00    0.1448D+00    0.7855D-02   400
  0.1810D+00    0.1493D+00    0.7930D-02   400
  0.1844D+00    0.1539D+00    0.8002D-02   400
  0.1878D+00    0.1585D+00    0.8074D-02   400
  0.1912D+00    0.1632D+00    0.8143D-02   400
  0.1947D+00    0.1680D+00    0.8211D-02   400
  0.1981D+00    0.1728D+00    0.8278D-02   400
  0.2016D+00    0.1777D+00    0.8343D-02   400
  0.2052D+00    0.1827D+00    0.8406D-02   400
  0.2087D+00    0.1878D+00    0.8468D-02   400
  0.2123D+00    0.1929D+00    0.8528D-02   400
  0.2159D+00    0.1980D+00    0.8586D-02   400
  0.2196D+00    0.2033D+00    0.8643D-02   400
  0.2232D+00    0.2086D+00    0.8698D-02   400
  0.2269D+00    0.2140D+00    0.8751D-02   400
  0.2307D+00    0.2194D+00    0.8803D-02   400
  0.2344D+00    0.2249D+00    0.8853D-02   400
  0.2382D+00    0.2305D+00    0.8902D-02   400
  0.2420D+00    0.2361D+00    0.8948D-02   400
  0.2459D+00    0.2418D+00    0.8993D-02   400
  0.2497D+00    0.2475D+00    0.9036D-02   400
  0.2536D+00    0.2534D+00    0.9078D-02   400
  0.2576D+00    0.2592D+00    0.9117D-02   400
  0.2615D+00    0.2651D+00    0.9155D-02   400
  0.2655D+00    0.2711D+00    0.9191D-02   400
  0.2696D+00    0.2772D+00    0.9225D-02   400
  0.2736D+00    0.2833D+00    0.9258D-02   400
  0.2777D+00    0.2894D+00    0.9289D-02   400
  0.2818D+00    0.2956D+00    0.9317D-02   400
  0.2860D+00    0.3019D+00    0.9344D-02   400
  0.2902D+00    0.3082D+00    0.9370D-02   400
  0.2944D+00    0.3145D+00    0.9393D-02   400
  0.2986D+00    0.3210D+00    0.9415D-02   400
  0.3029D+00    0.3274D+00    0.9434D-02   400
  0.3073D+00    0.3339D+00    0.9452D-02   400
  0.3116D+00    0.3405D+00    0.9468D-02   400
  0.3160D+00    0.3471D+00    0.9483D-02   400
  0.3204D+00    0.3537D+00    0.9495D-02   400
  0.3249D+00    0.3604D+00    0.9505D-02   400
  0.3294D+00    0.3671D+00    0.9514D-02   400
  0.3339D+00    0.3738D+00    0.9521D-02   400
  0.3385D+00    0.3806D+00    0.9526D-02   400
  0.3430D+00    0.3874D+00    0.9529D-02   400
  0.3477D+00    0.3943D+00    0.9530D-02   400
  0.3524D+00    0.4012D+00    0.9530D-02   400
  0.3571D+00    0.4081D+00    0.9527D-02   400
  0.3618D+00    0.4151D+00    0.9523D-02   400
  0.3666D+00    0.4221D+00    0.9516D-02   400
  0.3714D+00    0.4291D+00    0.9508D-02   400
  0.3763D+00    0.4361D+00    0.9499D-02   400
  0.3811D+00    0.4431D+00    0.9487D-02   400
  0.3861D+00    0.4502D+00    0.9473D-02   400
  0.3910D+00    0.4573D+00    0.9458D-02   400
  0.3961D+00    0.4644D+00    0.9441D-02   400
  0.4011D+00    0.4715D+00    0.9421D-02   400
  0.4062D+00    0.4787D+00    0.9401D-02   400
  0.4113D+00    0.4858D+00    0.9378D-02   400
  0.4165D+00    0.4930D+00    0.9353D-02   400
  0.4217D+00    0.5001D+00    0.9327D-02   400
  0.4269D+00    0.5073D+00    0.9299D-02   400
  0.4322D+00    0.5145D+00    0.9269D-02   400
  0.4376D+00    0.5217D+00    0.9238D-02   400
  0.4429D+00    0.5288D+00    0.9204D-02   400
  0.4483D+00    0.5360D+00    0.9169D-02   400
  0.4538D+00    0.5431D+00    0.9132D-02   400
  0.4593D+00    0.5503D+00    0.9094D-02   400
  0.4648D+00    0.5574D+00    0.9053D-02   400
  0.4704D+00    0.5646D+00    0.9011D-02   400
  0.4760D+00    0.5717D+00    0.8968D-02   400
  0.4817D+00    0.5788D+00    0.8923D-02   400
  0.4874D+00    0.5858D+00    0.8876D-02   400
  0.4932D+00    0.5929D+00    0.8827D-02   400
  0.4990D+00    0.5999D+00    0.8777D-02   400
  0.5049D+00    0.6069D+00    0.8725D-02   400
  0.5108D+00    0.6139D+00    0.8672D-02   400
  0.5167D+00    0.6208D+00    0.8617D-02   400
  0.5227D+00    0.6278D+00    0.8560D-02   400
  0.5287D+00    0.6346D+00    0.8502D-02   400
  0.5348D+00    0.6414D+00    0.8443D-02   400
  0.5409D+00    0.6482D+00    0.8382D-02   400
  0.5471D+00    0.6550D+00    0.8320D-02   400
  0.5533D+00    0.6617D+00    0.8256D-02   400
  0.5596D+00    0.6683D+00    0.8191D-02   400
  0.5659D+00    0.6749D+00    0.8124D-02   400
  0.5723D+00    0.6815D+00    0.8056D-02   400
  0.5787D+00    0.6879D+00    0.7987D-02   400
  0.5852D+00    0.6944D+00    0.7916D-02   400
  0.5917D+00    0.7007D+00    0.7844D-02   400
  0.5983D+00    0.7070D+00    0.7771D-02   400
  0.6049D+00    0.7132D+00    0.7696D-02   400
  0.6116D+00    0.7194D+00    0.7621D-02   400
  0.6184D+00    0.7255D+00    0.7544D-02   400
  0.6251D+00    0.7315D+00    0.7466D-02   400
  0.6320D+00    0.7374D+00    0.7387D-02   400
  0.6389D+00    0.7433D+00    0.7307D-02   400
  0.6458D+00    0.7490D+00    0.7225D-02   400
  0.6528D+00    0.7547D+00    0.7143D-02   400
  0.6599D+00    0.7603D+00    0.7060D-02   400
  0.6670D+00    0.7658D+00    0.6975D-02   400
  0.6741D+00    0.7712D+00    0.6890D-02   400
  0.6814D+00    0.7765D+00    0.6804D-02   400
  0.6886D+00    0.7817D+00    0.6717D-02   400
  0.6960D+00    0.7868D+00    0.6629D-02   400
  0.7034D+00    0.7918D+00    0.6541D-02   400
  0.7108D+00    0.7967D+00    0.6451D-02   400
  0.7183D+00    0.8015D+00    0.6361D-02   400
  0.7259D+00    0.8062D+00    0.6270D-02   400
  0.7335D+00    0.8107D+00    0.6179D-02   400
  0.7412D+00    0.8152D+00    0.6086D-02   400
  0.7489D+00    0.8195D+00    0.5994D-02   400
  0.7567D+00    0.8237D+00    0.5900D-02   400
  0.7646D+00    0.8278D+00    0.5806D-02   400
  0.7725D+00    0.8317D+00    0.5712D-02   400
  0.7805D+00    0.8356D+00    0.5617D-02   400
  0.7886D+00    0.8393D+00    0.5522D-02   400
  0.7967D+00    0.8428D+00    0.5426D-02   400
  0.8049D+00    0.8463D+00    0.5330D-02   400
  0.8131D+00    0.8495D+00    0.5234D-02   400
  0.8214D+00    0.8527D+00    0.5137D-02   400
  0.8298D+00    0.8557D+00    0.5040D-02   400
  0.8382D+00    0.8586D+00    0.4943D-02   400
  0.8467D+00    0.8613D+00    0.4846D-02   400
  0.8553D+00    0.8639D+00    0.4749D-02   400
  0.8639D+00    0.8663D+00    0.4652D-02   400
  0.8726D+00    0.8686D+00    0.4554D-02   400
  0.8814D+00    0.8707D+00    0.4457D-02   400
  0.8902D+00    0.8727D+00    0.4359D-02   400
  0.8991D+00    0.8746D+00    0.4262D-02   400
  0.9081D+00    0.8762D+00    0.4165D-02   400
  0.9172D+00    0.8777D+00    0.4067D-02   400
  0.9263D+00    0.8791D+00    0.3970D-02   400
  0.9355D+00    0.8803D+00    0.3874D-02   400
  0.9447D+00    0.8813D+00    0.3777D-02   400
  0.9541D+00    0.8822D+00    0.3681D-02   400
  0.9635D+00    0.8829D+00    0.3585D-02   400
  0.9729D+00    0.8834D+00    0.3489D-02   400
  0.9825D+00    0.8838D+00    0.3394D-02   400
  0.9921D+00    0.8840D+00    0.3300D-02   400
  0.1002D+01    0.8841D+00    0.3205D-02   400
  0.1012D+01    0.8839D+00    0.3111D-02   400
  0.1021D+01    0.8837D+00    0.3018D-02   400
  0.1031D+01    0.8832D+00    0.2926D-02   400
  0.1041D+01    0.8826D+00    0.2833D-02   400
  0.1052D+01    0.8818D+00    0.2742D-02   400
  0.1062D+01    0.8808D+00    0.2651D-02   400
  0.1072D+01    0.8797D+00    0.2561D-02   400
  0.1082D+01    0.8784D+00    0.2472D-02   400
  0.1093D+01    0.8769D+00    0.2383D-02   400
  0.1103D+01    0.8752D+00    0.2295D-02   400
  0.1114D+01    0.8734D+00    0.2208D-02   400
  0.1124D+01    0.8714D+00    0.2122D-02   400
  0.1135D+01    0.8693D+00    0.2037D-02   400
  0.1146D+01    0.8670D+00    0.1953D-02   400
  0.1157D+01    0.8645D+00    0.1869D-02   400
  0.1168D+01    0.8618D+00    0.1787D-02   400
  0.1179D+01    0.8590D+00    0.1705D-02   400
  0.1190D+01    0.8560D+00    0.1625D-02   400
  0.1201D+01    0.8529D+00    0.1545D-02   400
  0.1213D+01    0.8495D+00    0.1467D-02   400
  0.1224D+01    0.8461D+00    0.1390D-02   400
  0.1236D+01    0.8424D+00    0.1313D-02   400
  0.1247D+01    0.8386D+00    0.1238D-02   400
  0.1259D+01    0.8347D+00    0.1164D-02   400
  0.1271D+01    0.8306D+00    0.1092D-02   400
  0.1283D+01    0.8263D+00    0.1020D-02   400
  0.1295D+01    0.8219D+00    0.9499D-03   400
  0.1307D+01    0.8173D+00    0.8808D-03   400
  0.1319D+01    0.8125D+00    0.8130D-03   400
  0.1331D+01    0.8077D+00    0.7464D-03   400
  0.1343D+01    0.8027D+00    0.6811D-03   400
  0.1356D+01    0.7975D+00    0.6170D-03   400
  0.1368D+01    0.7922D+00    0.5543D-03   400
  0.1381D+01    0.7867D+00    0.4929D-03   400
  0.1394D+01    0.7811D+00    0.4328D-03   400
  0.1407D+01    0.7754D+00    0.3741D-03   400
  0.1420D+01    0.7696D+00    0.3166D-03   400
  0.1433D+01    0.7636D+00    0.2606D-03   400
  0.1446D+01    0.7575D+00    0.2059D-03   400
  0.1459D+01    0.7513D+00    0.1526D-03   400
  0.1472D+01    0.7449D+00    0.1006D-03   400
  0.1486D+01    0.7384D+00    0.5002D-04   400
  0.1499D+01    0.7319D+00    0.8197D-06   400
  0.1513D+01    0.7252D+00   -0.4700D-04   400
  0.1527D+01    0.7183D+00   -0.9343D-04   400
  0.1541D+01    0.7114D+00   -0.1385D-03   400
  0.1555D+01    0.7044D+00   -0.1821D-03   400
  0.1569D+01    0.6973D+00   -0.2244D-03   400
  0.1583D+01    0.6901D+00   -0.2653D-03   400
  0.1597D+01    0.6828D+00   -0.3048D-03   400
  0.1612D+01    0.6754D+00   -0.3430D-03   400
  0.1626D+01    0.6679D+00   -0.3797D-03   400
  0.1641D+01    0.6604D+00   -0.4151D-03   400
  0.1656D+01    0.6527D+00   -0.4492D-03   400
  0.1671D+01    0.6450D+00   -0.4819D-03   400
  0.1686D+01    0.6373D+00   -0.5132D-03   400
  0.1701D+01    0.6294D+00   -0.5432D-03   400
  0.1716D+01    0.6215D+00   -0.5719D-03   400
  0.1731D+01    0.6135D+00   -0.5993D-03   400
  0.1747D+01    0.6055D+00   -0.6254D-03   400
  0.1762D+01    0.5974D+00   -0.6502D-03   400
  0.1778D+01    0.5893D+00   -0.6737D-03   400
  0.1794D+01    0.5811D+00   -0.6959D-03   400
  0.1810D+01    0.5729D+00   -0.7169D-03   400
  0.1826D+01    0.5647D+00   -0.7367D-03   400
  0.1842D+01    0.5564D+00   -0.7553D-03   400
  0.1859D+01    0.5481D+00   -0.7727D-03   400
  0.1875D+01    0.5398D+00   -0.7888D-03   400
  0.1892D+01    0.5314D+00   -0.8039D-03   400
  0.1908D+01    0.5231D+00   -0.8178D-03   400
  0.1925D+01    0.5147D+00   -0.8305D-03   400
  0.1942D+01    0.5063D+00   -0.8422D-03   400
  0.1959D+01    0.4979D+00   -0.8528D-03   400
  0.1977D+01    0.4896D+00   -0.8623D-03   400
  0.1994D+01    0.4812D+00   -0.8707D-03   400
  0.2012D+01    0.4728D+00   -0.8782D-03   400
  0.2029D+01    0.4644D+00   -0.8847D-03   400
  0.2047D+01    0.4561D+00   -0.8901D-03   400
  0.2065D+01    0.4477D+00   -0.8947D-03   400
  0.2083D+01    0.4394D+00   -0.8983D-03   400
  0.2101D+01    0.4311D+00   -0.9010D-03   400
  0.2120D+01    0.4229D+00   -0.9028D-03   400
  0.2138D+01    0.4147D+00   -0.9038D-03   400
  0.2157D+01    0.4065D+00   -0.9040D-03   400
  0.2176D+01    0.3983D+00   -0.9033D-03   400
  0.2195D+01    0.3902D+00   -0.9019D-03   400
  0.2214D+01    0.3821D+00   -0.8997D-03   400
  0.2233D+01    0.3741D+00   -0.8968D-03   400
  0.2252D+01    0.3662D+00   -0.8931D-03   400
  0.2272D+01    0.3583D+00   -0.8888D-03   400
  0.2292D+01    0.3504D+00   -0.8839D-03   400
  0.2311D+01    0.3426D+00   -0.8783D-03   400
  0.2331D+01    0.3349D+00   -0.8721D-03   400
  0.2352D+01    0.3273D+00   -0.8654D-03   400
  0.2372D+01    0.3197D+00   -0.8581D-03   400
  0.2392D+01    0.3122D+00   -0.8502D-03   400
  0.2413D+01    0.3047D+00   -0.8419D-03   400
  0.2434D+01    0.2974D+00   -0.8331D-03   400
  0.2455D+01    0.2901D+00   -0.8238D-03   400
  0.2476D+01    0.2829D+00   -0.8142D-03   400
  0.2497D+01    0.2758D+00   -0.8041D-03   400
  0.2519D+01    0.2688D+00   -0.7936D-03   400
  0.2540D+01    0.2618D+00   -0.7828D-03   400
  0.2562D+01    0.2550D+00   -0.7717D-03   400
  0.2584D+01    0.2482D+00   -0.7602D-03   400
  0.2606D+01    0.2415D+00   -0.7485D-03   400
  0.2629D+01    0.2350D+00   -0.7365D-03   400
  0.2651D+01    0.2285D+00   -0.7243D-03   400
  0.2674D+01    0.2221D+00   -0.7118D-03   400
  0.2697D+01    0.2158D+00   -0.6992D-03   400
  0.2720D+01    0.2096D+00   -0.6864D-03   400
  0.2743D+01    0.2036D+00   -0.6734D-03   400
  0.2766D+01    0.1976D+00   -0.6603D-03   400
  0.2790D+01    0.1917D+00   -0.6471D-03   400
  0.2813D+01    0.1860D+00   -0.6338D-03   400
  0.2837D+01    0.1803D+00   -0.6204D-03   400
  0.2862D+01    0.1747D+00   -0.6069D-03   400
  0.2886D+01    0.1693D+00   -0.5934D-03   400
  0.2910D+01    0.1639D+00   -0.5799D-03   400
  0.2935D+01    0.1587D+00   -0.5664D-03   400
  0.2960D+01    0.1536D+00   -0.5529D-03   400
  0.2985D+01    0.1485D+00   -0.5394D-03   400
  0.3010D+01    0.1436D+00   -0.5260D-03   400
  0.3036D+01    0.1388D+00   -0.5126D-03   400
  0.3061D+01    0.1341D+00   -0.4992D-03   400
  0.3087D+01    0.1295D+00   -0.4860D-03   400
  0.3113D+01    0.1250D+00   -0.4728D-03   400
  0.3140D+01    0.1206D+00   -0.4597D-03   400
  0.3166D+01    0.1163D+00   -0.4468D-03   400
  0.3193D+01    0.1121D+00   -0.4340D-03   400
  0.3220D+01    0.1081D+00   -0.4213D-03   400
  0.3247D+01    0.1041D+00   -0.4088D-03   400
  0.3274D+01    0.1002D+00   -0.3964D-03   400
  0.3302D+01    0.9644D-01   -0.3842D-03   400
  0.3329D+01    0.9278D-01   -0.3721D-03   400
  0.3357D+01    0.8921D-01   -0.3603D-03   400
  0.3386D+01    0.8574D-01   -0.3486D-03   400
  0.3414D+01    0.8237D-01   -0.3371D-03   400
  0.3443D+01    0.7910D-01   -0.3258D-03   400
  0.3471D+01    0.7592D-01   -0.3147D-03   400
  0.3501D+01    0.7283D-01   -0.3038D-03   400
  0.3530D+01    0.6984D-01   -0.2932D-03   400
  0.3559D+01    0.6694D-01   -0.2827D-03   400
  0.3589D+01    0.6413D-01   -0.2725D-03   400
  0.3619D+01    0.6141D-01   -0.2625D-03   400
  0.3649D+01    0.5878D-01   -0.2527D-03   400
  0.3680D+01    0.5623D-01   -0.2431D-03   400
  0.3710D+01    0.5377D-01   -0.2338D-03   400
  0.3741D+01    0.5139D-01   -0.2247D-03   400
  0.3773D+01    0.4909D-01   -0.2158D-03   400
  0.3804D+01    0.4687D-01   -0.2072D-03   400
  0.3836D+01    0.4473D-01   -0.1988D-03   400
  0.3868D+01    0.4266D-01   -0.1906D-03   400
  0.3900D+01    0.4067D-01   -0.1827D-03   400
  0.3932D+01    0.3875D-01   -0.1750D-03   400
  0.3965D+01    0.3691D-01   -0.1675D-03   400
  0.3998D+01    0.3513D-01   -0.1602D-03   400
  0.4031D+01    0.3342D-01   -0.1532D-03   400
  0.4064D+01    0.3178D-01   -0.1464D-03   400
  0.4098D+01    0.3020D-01   -0.1398D-03   400
  0.4132D+01    0.2869D-01   -0.1334D-03   400
  0.4166D+01    0.2724D-01   -0.1272D-03   400
  0.4201D+01    0.2584D-01   -0.1213D-03   400
  0.4236D+01    0.2451D-01   -0.1155D-03   400
  0.4271D+01    0.2323D-01   -0.1100D-03   400
  0.4306D+01    0.2200D-01   -0.1047D-03   400
  0.4342D+01    0.2083D-01   -0.9951D-04   400
  0.4377D+01    0.1971D-01   -0.9457D-04   400
  0.4414D+01    0.1864D-01   -0.8981D-04   400
  0.4450D+01    0.1762D-01   -0.8524D-04   400
  0.4487D+01    0.1664D-01   -0.8085D-04   400
  0.4524D+01    0.1571D-01   -0.7664D-04   400
  0.4561D+01    0.1482D-01   -0.7260D-04   400
  0.4599D+01    0.1397D-01   -0.6873D-04   400
  0.4637D+01    0.1317D-01   -0.6503D-04   400
  0.4675D+01    0.1240D-01   -0.6148D-04   400
  0.4713D+01    0.1167D-01   -0.5809D-04   400
  0.4752D+01    0.1098D-01   -0.5485D-04   400
  0.4791D+01    0.1032D-01   -0.5176D-04   400
  0.4830D+01    0.9698D-02   -0.4881D-04   400
  0.4870D+01    0.9106D-02   -0.4599D-04   400
  0.4910D+01    0.8544D-02   -0.4331D-04   400
  0.4950D+01    0.8012D-02   -0.4076D-04   400
  0.4991D+01    0.7509D-02   -0.3834D-04   400
  0.5032D+01    0.7032D-02   -0.3603D-04   400
  0.5073D+01    0.6582D-02   -0.3384D-04   400
  0.5115D+01    0.6156D-02   -0.3176D-04   400
  0.5157D+01    0.5754D-02   -0.2978D-04   400
  0.5199D+01    0.5375D-02   -0.2791D-04   400
  0.5242D+01    0.5017D-02   -0.2614D-04   400
  0.5284D+01    0.4680D-02   -0.2447D-04   400
  0.5328D+01    0.4363D-02   -0.2288D-04   400


   state:    2p 
  energy:    0.2000D+01


      r          p( 2p )       q( 2p )     npt
  0.0000D+00    0.0000D+00   -0.0000D+00   400
  0.1953D-02    0.2485D-04   -0.1814D-06   400
  0.3922D-02    0.9978D-04   -0.7282D-06   400
  0.5905D-02    0.2254D-03   -0.1645D-05   400
  0.7905D-02    0.4021D-03   -0.2935D-05   400
  0.9919D-02    0.6307D-03   -0.4603D-05   400
  0.1195D-01    0.9116D-03   -0.6653D-05   400
  0.1400D-01    0.1245D-02   -0.9089D-05   400
  0.1606D-01    0.1633D-02   -0.1192D-04   400
  0.1814D-01    0.2074D-02   -0.1514D-04   400
  0.2023D-01    0.2570D-02   -0.1875D-04   400
  0.2234D-01    0.3121D-02   -0.2278D-04   400
  0.2447D-01    0.3728D-02   -0.2720D-04   400
  0.2662D-01    0.4391D-02   -0.3204D-04   400
  0.2878D-01    0.5110D-02   -0.3729D-04   400
  0.3095D-01    0.5887D-02   -0.4297D-04   400
  0.3315D-01    0.6722D-02   -0.4906D-04   400
  0.3536D-01    0.7616D-02   -0.5558D-04   400
  0.3759D-01    0.8568D-02   -0.6252D-04   400
  0.3984D-01    0.9579D-02   -0.6991D-04   400
  0.4210D-01    0.1065D-01   -0.7773D-04   400
  0.4438D-01    0.1178D-01   -0.8599D-04   400
  0.4668D-01    0.1298D-01   -0.9469D-04   400
  0.4900D-01    0.1423D-01   -0.1038D-03   400
  0.5134D-01    0.1555D-01   -0.1134D-03   400
  0.5369D-01    0.1692D-01   -0.1235D-03   400
  0.5606D-01    0.1837D-01   -0.1340D-03   400
  0.5846D-01    0.1987D-01   -0.1450D-03   400
  0.6087D-01    0.2144D-01   -0.1564D-03   400
  0.6329D-01    0.2307D-01   -0.1684D-03   400
  0.6574D-01    0.2477D-01   -0.1807D-03   400
  0.6821D-01    0.2653D-01   -0.1936D-03   400
  0.7069D-01    0.2836D-01   -0.2069D-03   400
  0.7320D-01    0.3025D-01   -0.2208D-03   400
  0.7573D-01    0.3221D-01   -0.2351D-03   400
  0.7827D-01    0.3424D-01   -0.2498D-03   400
  0.8083D-01    0.3633D-01   -0.2651D-03   400
  0.8342D-01    0.3849D-01   -0.2809D-03   400
  0.8602D-01    0.4072D-01   -0.2972D-03   400
  0.8865D-01    0.4301D-01   -0.3139D-03   400
  0.9129D-01    0.4538D-01   -0.3312D-03   400
  0.9396D-01    0.4781D-01   -0.3489D-03   400
  0.9665D-01    0.5032D-01   -0.3672D-03   400
  0.9936D-01    0.5289D-01   -0.3860D-03   400
  0.1021D+00    0.5553D-01   -0.4052D-03   400
  0.1048D+00    0.5824D-01   -0.4250D-03   400
  0.1076D+00    0.6102D-01   -0.4453D-03   400
  0.1104D+00    0.6387D-01   -0.4661D-03   400
  0.1132D+00    0.6679D-01   -0.4874D-03   400
  0.1161D+00    0.6979D-01   -0.5093D-03   400
  0.1189D+00    0.7285D-01   -0.5316D-03   400
  0.1218D+00    0.7598D-01   -0.5545D-03   400
  0.1247D+00    0.7919D-01   -0.5779D-03   400
  0.1276D+00    0.8247D-01   -0.6018D-03   400
  0.1306D+00    0.8582D-01   -0.6263D-03   400
  0.1336D+00    0.8924D-01   -0.6512D-03   400
  0.1365D+00    0.9273D-01   -0.6767D-03   400
  0.1396D+00    0.9629D-01   -0.7027D-03   400
  0.1426D+00    0.9992D-01   -0.7292D-03   400
  0.1457D+00    0.1036D+00   -0.7563D-03   400
  0.1488D+00    0.1074D+00   -0.7838D-03   400
  0.1519D+00    0.1113D+00   -0.8119D-03   400
  0.1550D+00    0.1152D+00   -0.8406D-03   400
  0.1582D+00    0.1192D+00   -0.8697D-03   400
  0.1614D+00    0.1232D+00   -0.8993D-03   400
  0.1646D+00    0.1274D+00   -0.9295D-03   400
  0.1678D+00    0.1316D+00   -0.9602D-03   400
  0.1711D+00    0.1359D+00   -0.9914D-03   400
  0.1744D+00    0.1402D+00   -0.1023D-02   400
  0.1777D+00    0.1446D+00   -0.1055D-02   400
  0.1810D+00    0.1491D+00   -0.1088D-02   400
  0.1844D+00    0.1537D+00   -0.1121D-02   400
  0.1878D+00    0.1583D+00   -0.1155D-02   400
  0.1912D+00    0.1630D+00   -0.1190D-02   400
  0.1947D+00    0.1678D+00   -0.1224D-02   400
  0.1981D+00    0.1726D+00   -0.1260D-02   400
  0.2016D+00    0.1775D+00   -0.1295D-02   400
  0.2052D+00    0.1825D+00   -0.1332D-02   400
  0.2087D+00    0.1875D+00   -0.1369D-02   400
  0.2123D+00    0.1926D+00   -0.1406D-02   400
  0.2159D+00    0.1978D+00   -0.1444D-02   400
  0.2196D+00    0.2031D+00   -0.1482D-02   400
  0.2232D+00    0.2084D+00   -0.1521D-02   400
  0.2269D+00    0.2137D+00   -0.1560D-02   400
  0.2307D+00    0.2192D+00   -0.1599D-02   400
  0.2344D+00    0.2247D+00   -0.1640D-02   400
  0.2382D+00    0.2302D+00   -0.1680D-02   400
  0.2420D+00    0.2359D+00   -0.1721D-02   400
  0.2459D+00    0.2415D+00   -0.1763D-02   400
  0.2497D+00    0.2473D+00   -0.1805D-02   400
  0.2536D+00    0.2531D+00   -0.1847D-02   400
  0.2576D+00    0.2590D+00   -0.1890D-02   400
  0.2615D+00    0.2649D+00   -0.1933D-02   400
  0.2655D+00    0.2709D+00   -0.1977D-02   400
  0.2696D+00    0.2769D+00   -0.2021D-02   400
  0.2736D+00    0.2830D+00   -0.2065D-02   400
  0.2777D+00    0.2892D+00   -0.2110D-02   400
  0.2818D+00    0.2954D+00   -0.2155D-02   400
  0.2860D+00    0.3016D+00   -0.2201D-02   400
  0.2902D+00    0.3079D+00   -0.2247D-02   400
  0.2944D+00    0.3143D+00   -0.2293D-02   400
  0.2986D+00    0.3207D+00   -0.2340D-02   400
  0.3029D+00    0.3271D+00   -0.2387D-02   400
  0.3073D+00    0.3336D+00   -0.2435D-02   400
  0.3116D+00    0.3402D+00   -0.2483D-02   400
  0.3160D+00    0.3468D+00   -0.2531D-02   400
  0.3204D+00    0.3534D+00   -0.2579D-02   400
  0.3249D+00    0.3601D+00   -0.2628D-02   400
  0.3294D+00    0.3668D+00   -0.2677D-02   400
  0.3339D+00    0.3735D+00   -0.2726D-02   400
  0.3385D+00    0.3803D+00   -0.2776D-02   400
  0.3430D+00    0.3872D+00   -0.2825D-02   400
  0.3477D+00    0.3940D+00   -0.2875D-02   400
  0.3524D+00    0.4009D+00   -0.2926D-02   400
  0.3571D+00    0.4078D+00   -0.2976D-02   400
  0.3618D+00    0.4148D+00   -0.3027D-02   400
  0.3666D+00    0.4218D+00   -0.3078D-02   400
  0.3714D+00    0.4288D+00   -0.3129D-02   400
  0.3763D+00    0.4358D+00   -0.3180D-02   400
  0.3811D+00    0.4428D+00   -0.3232D-02   400
  0.3861D+00    0.4499D+00   -0.3283D-02   400
  0.3910D+00    0.4570D+00   -0.3335D-02   400
  0.3961D+00    0.4641D+00   -0.3387D-02   400
  0.4011D+00    0.4712D+00   -0.3439D-02   400
  0.4062D+00    0.4784D+00   -0.3491D-02   400
  0.4113D+00    0.4855D+00   -0.3543D-02   400
  0.4165D+00    0.4927D+00   -0.3595D-02   400
  0.4217D+00    0.4998D+00   -0.3648D-02   400
  0.4269D+00    0.5070D+00   -0.3700D-02   400
  0.4322D+00    0.5142D+00   -0.3752D-02   400
  0.4376D+00    0.5213D+00   -0.3805D-02   400
  0.4429D+00    0.5285D+00   -0.3857D-02   400
  0.4483D+00    0.5357D+00   -0.3909D-02   400
  0.4538D+00    0.5428D+00   -0.3962D-02   400
  0.4593D+00    0.5500D+00   -0.4014D-02   400
  0.4648D+00    0.5571D+00   -0.4066D-02   400
  0.4704D+00    0.5643D+00   -0.4118D-02   400
  0.4760D+00    0.5714D+00   -0.4170D-02   400
  0.4817D+00    0.5785D+00   -0.4222D-02   400
  0.4874D+00    0.5855D+00   -0.4273D-02   400
  0.4932D+00    0.5926D+00   -0.4325D-02   400
  0.4990D+00    0.5996D+00   -0.4376D-02   400
  0.5049D+00    0.6066D+00   -0.4427D-02   400
  0.5108D+00    0.6136D+00   -0.4478D-02   400
  0.5167D+00    0.6206D+00   -0.4529D-02   400
  0.5227D+00    0.6275D+00   -0.4579D-02   400
  0.5287D+00    0.6343D+00   -0.4629D-02   400
  0.5348D+00    0.6412D+00   -0.4679D-02   400
  0.5409D+00    0.6480D+00   -0.4729D-02   400
  0.5471D+00    0.6547D+00   -0.4778D-02   400
  0.5533D+00    0.6614D+00   -0.4827D-02   400
  0.5596D+00    0.6680D+00   -0.4875D-02   400
  0.5659D+00    0.6746D+00   -0.4923D-02   400
  0.5723D+00    0.6812D+00   -0.4971D-02   400
  0.5787D+00    0.6877D+00   -0.5018D-02   400
  0.5852D+00    0.6941D+00   -0.5065D-02   400
  0.5917D+00    0.7005D+00   -0.5112D-02   400
  0.5983D+00    0.7067D+00   -0.5158D-02   400
  0.6049D+00    0.7130D+00   -0.5203D-02   400
  0.6116D+00    0.7191D+00   -0.5248D-02   400
  0.6184D+00    0.7252D+00   -0.5292D-02   400
  0.6251D+00    0.7312D+00   -0.5336D-02   400
  0.6320D+00    0.7372D+00   -0.5380D-02   400
  0.6389D+00    0.7430D+00   -0.5422D-02   400
  0.6458D+00    0.7488D+00   -0.5464D-02   400
  0.6528D+00    0.7545D+00   -0.5506D-02   400
  0.6599D+00    0.7600D+00   -0.5547D-02   400
  0.6670D+00    0.7655D+00   -0.5587D-02   400
  0.6741D+00    0.7710D+00   -0.5626D-02   400
  0.6814D+00    0.7763D+00   -0.5665D-02   400
  0.6886D+00    0.7815D+00   -0.5703D-02   400
  0.6960D+00    0.7866D+00   -0.5740D-02   400
  0.7034D+00    0.7916D+00   -0.5777D-02   400
  0.7108D+00    0.7965D+00   -0.5813D-02   400
  0.7183D+00    0.8013D+00   -0.5848D-02   400
  0.7259D+00    0.8060D+00   -0.5882D-02   400
  0.7335D+00    0.8105D+00   -0.5915D-02   400
  0.7412D+00    0.8150D+00   -0.5947D-02   400
  0.7489D+00    0.8193D+00   -0.5979D-02   400
  0.7567D+00    0.8235D+00   -0.6010D-02   400
  0.7646D+00    0.8276D+00   -0.6040D-02   400
  0.7725D+00    0.8315D+00   -0.6068D-02   400
  0.7805D+00    0.8354D+00   -0.6096D-02   400
  0.7886D+00    0.8391D+00   -0.6123D-02   400
  0.7967D+00    0.8426D+00   -0.6149D-02   400
  0.8049D+00    0.8461D+00   -0.6174D-02   400
  0.8131D+00    0.8494D+00   -0.6199D-02   400
  0.8214D+00    0.8525D+00   -0.6222D-02   400
  0.8298D+00    0.8556D+00   -0.6244D-02   400
  0.8382D+00    0.8584D+00   -0.6265D-02   400
  0.8467D+00    0.8612D+00   -0.6285D-02   400
  0.8553D+00    0.8637D+00   -0.6303D-02   400
  0.8639D+00    0.8662D+00   -0.6321D-02   400
  0.8726D+00    0.8685D+00   -0.6338D-02   400
  0.8814D+00    0.8706D+00   -0.6354D-02   400
  0.8902D+00    0.8726D+00   -0.6368D-02   400
  0.8991D+00    0.8744D+00   -0.6381D-02   400
  0.9081D+00    0.8761D+00   -0.6394D-02   400
  0.9172D+00    0.8776D+00   -0.6405D-02   400
  0.9263D+00    0.8790D+00   -0.6415D-02   400
  0.9355D+00    0.8802D+00   -0.6423D-02   400
  0.9447D+00    0.8812D+00   -0.6431D-02   400
  0.9541D+00    0.8821D+00   -0.6437D-02   400
  0.9635D+00    0.8828D+00   -0.6442D-02   400
  0.9729D+00    0.8834D+00   -0.6446D-02   400
  0.9825D+00    0.8837D+00   -0.6449D-02   400
  0.9921D+00    0.8840D+00   -0.6451D-02   400
  0.1002D+01    0.8840D+00   -0.6451D-02   400
  0.1012D+01    0.8839D+00   -0.6450D-02   400
  0.1021D+01    0.8836D+00   -0.6448D-02   400
  0.1031D+01    0.8831D+00   -0.6445D-02   400
  0.1041D+01    0.8825D+00   -0.6440D-02   400
  0.1052D+01    0.8817D+00   -0.6435D-02   400
  0.1062D+01    0.8808D+00   -0.6428D-02   400
  0.1072D+01    0.8796D+00   -0.6419D-02   400
  0.1082D+01    0.8783D+00   -0.6410D-02   400
  0.1093D+01    0.8769D+00   -0.6399D-02   400
  0.1103D+01    0.8752D+00   -0.6387D-02   400
  0.1114D+01    0.8734D+00   -0.6374D-02   400
  0.1124D+01    0.8714D+00   -0.6360D-02   400
  0.1135D+01    0.8693D+00   -0.6344D-02   400
  0.1146D+01    0.8670D+00   -0.6327D-02   400
  0.1157D+01    0.8645D+00   -0.6309D-02   400
  0.1168D+01    0.8618D+00   -0.6289D-02   400
  0.1179D+01    0.8590D+00   -0.6269D-02   400
  0.1190D+01    0.8560D+00   -0.6247D-02   400
  0.1201D+01    0.8529D+00   -0.6224D-02   400
  0.1213D+01    0.8496D+00   -0.6200D-02   400
  0.1224D+01    0.8461D+00   -0.6175D-02   400
  0.1236D+01    0.8425D+00   -0.6148D-02   400
  0.1247D+01    0.8387D+00   -0.6120D-02   400
  0.1259D+01    0.8347D+00   -0.6092D-02   400
  0.1271D+01    0.8306D+00   -0.6062D-02   400
  0.1283D+01    0.8263D+00   -0.6030D-02   400
  0.1295D+01    0.8219D+00   -0.5998D-02   400
  0.1307D+01    0.8173D+00   -0.5965D-02   400
  0.1319D+01    0.8126D+00   -0.5930D-02   400
  0.1331D+01    0.8077D+00   -0.5895D-02   400
  0.1343D+01    0.8027D+00   -0.5858D-02   400
  0.1356D+01    0.7976D+00   -0.5820D-02   400
  0.1368D+01    0.7923D+00   -0.5782D-02   400
  0.1381D+01    0.7868D+00   -0.5742D-02   400
  0.1394D+01    0.7812D+00   -0.5701D-02   400
  0.1407D+01    0.7755D+00   -0.5660D-02   400
  0.1420D+01    0.7697D+00   -0.5617D-02   400
  0.1433D+01    0.7637D+00   -0.5573D-02   400
  0.1446D+01    0.7576D+00   -0.5529D-02   400
  0.1459D+01    0.7514D+00   -0.5483D-02   400
  0.1472D+01    0.7450D+00   -0.5437D-02   400
  0.1486D+01    0.7386D+00   -0.5390D-02   400
  0.1499D+01    0.7320D+00   -0.5342D-02   400
  0.1513D+01    0.7253D+00   -0.5293D-02   400
  0.1527D+01    0.7185D+00   -0.5243D-02   400
  0.1541D+01    0.7116D+00   -0.5193D-02   400
  0.1555D+01    0.7046D+00   -0.5142D-02   400
  0.1569D+01    0.6974D+00   -0.5090D-02   400
  0.1583D+01    0.6902D+00   -0.5037D-02   400
  0.1597D+01    0.6829D+00   -0.4984D-02   400
  0.1612D+01    0.6756D+00   -0.4930D-02   400
  0.1626D+01    0.6681D+00   -0.4875D-02   400
  0.1641D+01    0.6605D+00   -0.4820D-02   400
  0.1656D+01    0.6529D+00   -0.4765D-02   400
  0.1671D+01    0.6452D+00   -0.4708D-02   400
  0.1686D+01    0.6374D+00   -0.4652D-02   400
  0.1701D+01    0.6296D+00   -0.4594D-02   400
  0.1716D+01    0.6217D+00   -0.4537D-02   400
  0.1731D+01    0.6137D+00   -0.4479D-02   400
  0.1747D+01    0.6057D+00   -0.4420D-02   400
  0.1762D+01    0.5976D+00   -0.4361D-02   400
  0.1778D+01    0.5895D+00   -0.4302D-02   400
  0.1794D+01    0.5813D+00   -0.4242D-02   400
  0.1810D+01    0.5731D+00   -0.4182D-02   400
  0.1826D+01    0.5649D+00   -0.4122D-02   400
  0.1842D+01    0.5566D+00   -0.4062D-02   400
  0.1859D+01    0.5483D+00   -0.4001D-02   400
  0.1875D+01    0.5400D+00   -0.3941D-02   400
  0.1892D+01    0.5316D+00   -0.3880D-02   400
  0.1908D+01    0.5233D+00   -0.3819D-02   400
  0.1925D+01    0.5149D+00   -0.3757D-02   400
  0.1942D+01    0.5065D+00   -0.3696D-02   400
  0.1959D+01    0.4981D+00   -0.3635D-02   400
  0.1977D+01    0.4897D+00   -0.3574D-02   400
  0.1994D+01    0.4813D+00   -0.3513D-02   400
  0.2012D+01    0.4730D+00   -0.3452D-02   400
  0.2029D+01    0.4646D+00   -0.3391D-02   400
  0.2047D+01    0.4562D+00   -0.3330D-02   400
  0.2065D+01    0.4479D+00   -0.3269D-02   400
  0.2083D+01    0.4396D+00   -0.3208D-02   400
  0.2101D+01    0.4313D+00   -0.3148D-02   400
  0.2120D+01    0.4231D+00   -0.3087D-02   400
  0.2138D+01    0.4148D+00   -0.3027D-02   400
  0.2157D+01    0.4066D+00   -0.2968D-02   400
  0.2176D+01    0.3985D+00   -0.2908D-02   400
  0.2195D+01    0.3904D+00   -0.2849D-02   400
  0.2214D+01    0.3823D+00   -0.2790D-02   400
  0.2233D+01    0.3743D+00   -0.2732D-02   400
  0.2252D+01    0.3663D+00   -0.2673D-02   400
  0.2272D+01    0.3584D+00   -0.2616D-02   400
  0.2292D+01    0.3506D+00   -0.2559D-02   400
  0.2311D+01    0.3428D+00   -0.2502D-02   400
  0.2331D+01    0.3351D+00   -0.2445D-02   400
  0.2352D+01    0.3274D+00   -0.2389D-02   400
  0.2372D+01    0.3198D+00   -0.2334D-02   400
  0.2392D+01    0.3123D+00   -0.2279D-02   400
  0.2413D+01    0.3049D+00   -0.2225D-02   400
  0.2434D+01    0.2975D+00   -0.2171D-02   400
  0.2455D+01    0.2902D+00   -0.2118D-02   400
  0.2476D+01    0.2830D+00   -0.2066D-02   400
  0.2497D+01    0.2759D+00   -0.2014D-02   400
  0.2519D+01    0.2689D+00   -0.1962D-02   400
  0.2540D+01    0.2620D+00   -0.1912D-02   400
  0.2562D+01    0.2551D+00   -0.1862D-02   400
  0.2584D+01    0.2483D+00   -0.1812D-02   400
  0.2606D+01    0.2417D+00   -0.1764D-02   400
  0.2629D+01    0.2351D+00   -0.1716D-02   400
  0.2651D+01    0.2286D+00   -0.1668D-02   400
  0.2674D+01    0.2222D+00   -0.1622D-02   400
  0.2697D+01    0.2160D+00   -0.1576D-02   400
  0.2720D+01    0.2098D+00   -0.1531D-02   400
  0.2743D+01    0.2037D+00   -0.1486D-02   400
  0.2766D+01    0.1977D+00   -0.1443D-02   400
  0.2790D+01    0.1918D+00   -0.1400D-02   400
  0.2813D+01    0.1861D+00   -0.1358D-02   400
  0.2837D+01    0.1804D+00   -0.1317D-02   400
  0.2862D+01    0.1748D+00   -0.1276D-02   400
  0.2886D+01    0.1694D+00   -0.1236D-02   400
  0.2910D+01    0.1640D+00   -0.1197D-02   400
  0.2935D+01    0.1588D+00   -0.1159D-02   400
  0.2960D+01    0.1537D+00   -0.1121D-02   400
  0.2985D+01    0.1486D+00   -0.1085D-02   400
  0.3010D+01    0.1437D+00   -0.1049D-02   400
  0.3036D+01    0.1389D+00   -0.1014D-02   400
  0.3061D+01    0.1342D+00   -0.9792D-03   400
  0.3087D+01    0.1296D+00   -0.9456D-03   400
  0.3113D+01    0.1251D+00   -0.9128D-03   400
  0.3140D+01    0.1207D+00   -0.8807D-03   400
  0.3166D+01    0.1164D+00   -0.8494D-03   400
  0.3193D+01    0.1122D+00   -0.8189D-03   400
  0.3220D+01    0.1081D+00   -0.7891D-03   400
  0.3247D+01    0.1042D+00   -0.7601D-03   400
  0.3274D+01    0.1003D+00   -0.7319D-03   400
  0.3302D+01    0.9652D-01   -0.7044D-03   400
  0.3329D+01    0.9285D-01   -0.6776D-03   400
  0.3357D+01    0.8928D-01   -0.6515D-03   400
  0.3386D+01    0.8581D-01   -0.6262D-03   400
  0.3414D+01    0.8244D-01   -0.6016D-03   400
  0.3443D+01    0.7916D-01   -0.5777D-03   400
  0.3471D+01    0.7598D-01   -0.5545D-03   400
  0.3501D+01    0.7289D-01   -0.5320D-03   400
  0.3530D+01    0.6990D-01   -0.5101D-03   400
  0.3559D+01    0.6700D-01   -0.4889D-03   400
  0.3589D+01    0.6419D-01   -0.4684D-03   400
  0.3619D+01    0.6146D-01   -0.4486D-03   400
  0.3649D+01    0.5883D-01   -0.4293D-03   400
  0.3680D+01    0.5628D-01   -0.4107D-03   400
  0.3710D+01    0.5381D-01   -0.3927D-03   400
  0.3741D+01    0.5143D-01   -0.3753D-03   400
  0.3773D+01    0.4913D-01   -0.3585D-03   400
  0.3804D+01    0.4691D-01   -0.3423D-03   400
  0.3836D+01    0.4477D-01   -0.3267D-03   400
  0.3868D+01    0.4270D-01   -0.3116D-03   400
  0.3900D+01    0.4071D-01   -0.2971D-03   400
  0.3932D+01    0.3879D-01   -0.2831D-03   400
  0.3965D+01    0.3694D-01   -0.2696D-03   400
  0.3998D+01    0.3516D-01   -0.2566D-03   400
  0.4031D+01    0.3345D-01   -0.2441D-03   400
  0.4064D+01    0.3181D-01   -0.2322D-03   400
  0.4098D+01    0.3023D-01   -0.2206D-03   400
  0.4132D+01    0.2872D-01   -0.2096D-03   400
  0.4166D+01    0.2726D-01   -0.1990D-03   400
  0.4201D+01    0.2587D-01   -0.1888D-03   400
  0.4236D+01    0.2453D-01   -0.1790D-03   400
  0.4271D+01    0.2325D-01   -0.1697D-03   400
  0.4306D+01    0.2202D-01   -0.1607D-03   400
  0.4342D+01    0.2085D-01   -0.1522D-03   400
  0.4377D+01    0.1973D-01   -0.1440D-03   400
  0.4414D+01    0.1866D-01   -0.1362D-03   400
  0.4450D+01    0.1763D-01   -0.1287D-03   400
  0.4487D+01    0.1666D-01   -0.1216D-03   400
  0.4524D+01    0.1573D-01   -0.1148D-03   400
  0.4561D+01    0.1484D-01   -0.1083D-03   400
  0.4599D+01    0.1399D-01   -0.1021D-03   400
  0.4637D+01    0.1318D-01   -0.9621D-04   400
  0.4675D+01    0.1242D-01   -0.9061D-04   400
  0.4713D+01    0.1169D-01   -0.8529D-04   400
  0.4752D+01    0.1099D-01   -0.8023D-04   400
  0.4791D+01    0.1034D-01   -0.7542D-04   400
  0.4830D+01    0.9710D-02   -0.7086D-04   400
  0.4870D+01    0.9117D-02   -0.6653D-04   400
  0.4910D+01    0.8555D-02   -0.6243D-04   400
  0.4950D+01    0.8022D-02   -0.5854D-04   400
  0.4991D+01    0.7518D-02   -0.5486D-04   400
  0.5032D+01    0.7041D-02   -0.5138D-04   400
  0.5073D+01    0.6590D-02   -0.4809D-04   400
  0.5115D+01    0.6164D-02   -0.4498D-04   400
  0.5157D+01    0.5762D-02   -0.4205D-04   400
  0.5199D+01    0.5382D-02   -0.3928D-04   400
  0.5242D+01    0.5024D-02   -0.3666D-04   400
  0.5284D+01    0.4687D-02   -0.3420D-04   400
  0.5328D+01    0.4369D-02   -0.3188D-04   400
