The atomic number is 100.0000000000;

Radial grid: R(I) = RNT*(exp((I-1)*H)-1), I = 1, ..., N;

 RNT  =  2.000000000000D-08 Bohr radii;
 H    =  5.000000000000D-02 Bohr radii;
 N    =  590;
 R(1) =  0.000000000000D+00 Bohr radii;
 R(2) =  1.025421927520D-09 Bohr radii;
 R(N) =  1.233111896689D+05 Bohr radii.

Shell      e           p0        gamma         R           P           Q       MTP  SRC

  1s   0.5939D+04  0.4404D+03  0.1000D+01  0.0000D+00  0.0000D+00  0.0000D+00  328  Hyd
  1s   0.5939D+04  0.4404D+03  0.1000D+01  0.1025D-08  0.3146D-03 -0.1364D-03  328  Hyd
  1s   0.5939D+04  0.4404D+03  0.1000D+01  0.2103D-08  0.5142D-03 -0.2228D-03  328  Hyd
  1s   0.5939D+04  0.4404D+03  0.1000D+01  0.3237D-08  0.6904D-03 -0.2992D-03  328  Hyd
  1s   0.5939D+04  0.4404D+03  0.1000D+01  0.4428D-08  0.8554D-03 -0.3707D-03  328  Hyd
  1s   0.5939D+04  0.4404D+03  0.1000D+01  0.5681D-08  0.1014D-02 -0.4395D-03  328  Hyd
  1s   0.5939D+04  0.4404D+03  0.1000D+01  0.6997D-08  0.1170D-02 -0.5069D-03  328  Hyd
  1s   0.5939D+04  0.4404D+03  0.1000D+01  0.8381D-08  0.1323D-02 -0.5735D-03  328  Hyd
  1s   0.5939D+04  0.4404D+03  0.1000D+01  0.9836D-08  0.1476D-02 -0.6398D-03  328  Hyd
  1s   0.5939D+04  0.4404D+03  0.1000D+01  0.1137D-07  0.1630D-02 -0.7063D-03  328  Hyd
  1s   0.5939D+04  0.4404D+03  0.1000D+01  0.1297D-07  0.1784D-02 -0.7731D-03  328  Hyd
  1s   0.5939D+04  0.4404D+03  0.1000D+01  0.1467D-07  0.1940D-02 -0.8407D-03  328  Hyd
  1s   0.5939D+04  0.4404D+03  0.1000D+01  0.1644D-07  0.2098D-02 -0.9091D-03  328  Hyd
  1s   0.5939D+04  0.4404D+03  0.1000D+01  0.1831D-07  0.2258D-02 -0.9785D-03  328  Hyd
  1s   0.5939D+04  0.4404D+03  0.1000D+01  0.2028D-07  0.2421D-02 -0.1049D-02  328  Hyd
  1s   0.5939D+04  0.4404D+03  0.1000D+01  0.2234D-07  0.2587D-02 -0.1121D-02  328  Hyd
  1s   0.5939D+04  0.4404D+03  0.1000D+01  0.2451D-07  0.2756D-02 -0.1194D-02  328  Hyd
  1s   0.5939D+04  0.4404D+03  0.1000D+01  0.2679D-07  0.2929D-02 -0.1269D-02  328  Hyd
  1s   0.5939D+04  0.4404D+03  0.1000D+01  0.2919D-07  0.3106D-02 -0.1346D-02  328  Hyd
  1s   0.5939D+04  0.4404D+03  0.1000D+01  0.3171D-07  0.3287D-02 -0.1424D-02  328  Hyd
  1s   0.5939D+04  0.4404D+03  0.1000D+01  0.3437D-07  0.3472D-02 -0.1505D-02  328  Hyd
  1s   0.5939D+04  0.4404D+03  0.1000D+01  0.3715D-07  0.3662D-02 -0.1587D-02  328  Hyd
  1s   0.5939D+04  0.4404D+03  0.1000D+01  0.4008D-07  0.3858D-02 -0.1672D-02  328  Hyd
  1s   0.5939D+04  0.4404D+03  0.1000D+01  0.4316D-07  0.4058D-02 -0.1759D-02  328  Hyd
  1s   0.5939D+04  0.4404D+03  0.1000D+01  0.4640D-07  0.4264D-02 -0.1848D-02  328  Hyd
  1s   0.5939D+04  0.4404D+03  0.1000D+01  0.4981D-07  0.4475D-02 -0.1940D-02  328  Hyd
  1s   0.5939D+04  0.4404D+03  0.1000D+01  0.5339D-07  0.4693D-02 -0.2034D-02  328  Hyd
  1s   0.5939D+04  0.4404D+03  0.1000D+01  0.5715D-07  0.4916D-02 -0.2131D-02  328  Hyd
  1s   0.5939D+04  0.4404D+03  0.1000D+01  0.6110D-07  0.5146D-02 -0.2230D-02  328  Hyd
  1s   0.5939D+04  0.4404D+03  0.1000D+01  0.6526D-07  0.5383D-02 -0.2333D-02  328  Hyd
  1s   0.5939D+04  0.4404D+03  0.1000D+01  0.6963D-07  0.5627D-02 -0.2439D-02  328  Hyd
  1s   0.5939D+04  0.4404D+03  0.1000D+01  0.7423D-07  0.5879D-02 -0.2548D-02  328  Hyd
  1s   0.5939D+04  0.4404D+03  0.1000D+01  0.7906D-07  0.6138D-02 -0.2660D-02  328  Hyd
  1s   0.5939D+04  0.4404D+03  0.1000D+01  0.8414D-07  0.6405D-02 -0.2776D-02  328  Hyd
  1s   0.5939D+04  0.4404D+03  0.1000D+01  0.8948D-07  0.6680D-02 -0.2895D-02  328  Hyd
  1s   0.5939D+04  0.4404D+03  0.1000D+01  0.9509D-07  0.6963D-02 -0.3018D-02  328  Hyd
  1s   0.5939D+04  0.4404D+03  0.1000D+01  0.1010D-06  0.7256D-02 -0.3145D-02  328  Hyd
  1s   0.5939D+04  0.4404D+03  0.1000D+01  0.1072D-06  0.7558D-02 -0.3276D-02  328  Hyd
  1s   0.5939D+04  0.4404D+03  0.1000D+01  0.1137D-06  0.7869D-02 -0.3411D-02  328  Hyd
  1s   0.5939D+04  0.4404D+03  0.1000D+01  0.1206D-06  0.8191D-02 -0.3550D-02  328  Hyd
  1s   0.5939D+04  0.4404D+03  0.1000D+01  0.1278D-06  0.8522D-02 -0.3694D-02  328  Hyd
  1s   0.5939D+04  0.4404D+03  0.1000D+01  0.1354D-06  0.8865D-02 -0.3842D-02  328  Hyd
  1s   0.5939D+04  0.4404D+03  0.1000D+01  0.1433D-06  0.9218D-02 -0.3995D-02  328  Hyd
  1s   0.5939D+04  0.4404D+03  0.1000D+01  0.1517D-06  0.9583D-02 -0.4153D-02  328  Hyd
  1s   0.5939D+04  0.4404D+03  0.1000D+01  0.1605D-06  0.9960D-02 -0.4317D-02  328  Hyd
  1s   0.5939D+04  0.4404D+03  0.1000D+01  0.1698D-06  0.1035D-01 -0.4485D-02  328  Hyd
  1s   0.5939D+04  0.4404D+03  0.1000D+01  0.1795D-06  0.1075D-01 -0.4660D-02  328  Hyd
  1s   0.5939D+04  0.4404D+03  0.1000D+01  0.1897D-06  0.1117D-01 -0.4839D-02  328  Hyd
  1s   0.5939D+04  0.4404D+03  0.1000D+01  0.2005D-06  0.1160D-01 -0.5025D-02  328  Hyd
  1s   0.5939D+04  0.4404D+03  0.1000D+01  0.2118D-06  0.1204D-01 -0.5217D-02  328  Hyd
  1s   0.5939D+04  0.4404D+03  0.1000D+01  0.2236D-06  0.1250D-01 -0.5416D-02  328  Hyd
  1s   0.5939D+04  0.4404D+03  0.1000D+01  0.2361D-06  0.1297D-01 -0.5621D-02  328  Hyd
  1s   0.5939D+04  0.4404D+03  0.1000D+01  0.2493D-06  0.1346D-01 -0.5833D-02  328  Hyd
  1s   0.5939D+04  0.4404D+03  0.1000D+01  0.2631D-06  0.1396D-01 -0.6052D-02  328  Hyd
  1s   0.5939D+04  0.4404D+03  0.1000D+01  0.2776D-06  0.1449D-01 -0.6278D-02  328  Hyd
  1s   0.5939D+04  0.4404D+03  0.1000D+01  0.2929D-06  0.1503D-01 -0.6512D-02  328  Hyd
  1s   0.5939D+04  0.4404D+03  0.1000D+01  0.3089D-06  0.1558D-01 -0.6754D-02  328  Hyd
  1s   0.5939D+04  0.4404D+03  0.1000D+01  0.3258D-06  0.1616D-01 -0.7004D-02  328  Hyd
  1s   0.5939D+04  0.4404D+03  0.1000D+01  0.3435D-06  0.1676D-01 -0.7262D-02  328  Hyd
  1s   0.5939D+04  0.4404D+03  0.1000D+01  0.3621D-06  0.1737D-01 -0.7529D-02  328  Hyd
  1s   0.5939D+04  0.4404D+03  0.1000D+01  0.3817D-06  0.1801D-01 -0.7805D-02  328  Hyd
  1s   0.5939D+04  0.4404D+03  0.1000D+01  0.4023D-06  0.1867D-01 -0.8091D-02  328  Hyd
  1s   0.5939D+04  0.4404D+03  0.1000D+01  0.4240D-06  0.1935D-01 -0.8386D-02  328  Hyd
  1s   0.5939D+04  0.4404D+03  0.1000D+01  0.4467D-06  0.2005D-01 -0.8692D-02  328  Hyd
  1s   0.5939D+04  0.4404D+03  0.1000D+01  0.4707D-06  0.2078D-01 -0.9007D-02  328  Hyd
  1s   0.5939D+04  0.4404D+03  0.1000D+01  0.4958D-06  0.2154D-01 -0.9334D-02  328  Hyd
  1s   0.5939D+04  0.4404D+03  0.1000D+01  0.5223D-06  0.2231D-01 -0.9671D-02  328  Hyd
  1s   0.5939D+04  0.4404D+03  0.1000D+01  0.5501D-06  0.2312D-01 -0.1002D-01  328  Hyd
  1s   0.5939D+04  0.4404D+03  0.1000D+01  0.5793D-06  0.2395D-01 -0.1038D-01  328  Hyd
  1s   0.5939D+04  0.4404D+03  0.1000D+01  0.6100D-06  0.2481D-01 -0.1075D-01  328  Hyd
  1s   0.5939D+04  0.4404D+03  0.1000D+01  0.6423D-06  0.2571D-01 -0.1114D-01  328  Hyd
  1s   0.5939D+04  0.4404D+03  0.1000D+01  0.6763D-06  0.2663D-01 -0.1154D-01  328  Hyd
  1s   0.5939D+04  0.4404D+03  0.1000D+01  0.7120D-06  0.2758D-01 -0.1195D-01  328  Hyd
  1s   0.5939D+04  0.4404D+03  0.1000D+01  0.7495D-06  0.2857D-01 -0.1238D-01  328  Hyd
  1s   0.5939D+04  0.4404D+03  0.1000D+01  0.7889D-06  0.2959D-01 -0.1282D-01  328  Hyd
  1s   0.5939D+04  0.4404D+03  0.1000D+01  0.8304D-06  0.3064D-01 -0.1328D-01  328  Hyd
  1s   0.5939D+04  0.4404D+03  0.1000D+01  0.8740D-06  0.3173D-01 -0.1375D-01  328  Hyd
  1s   0.5939D+04  0.4404D+03  0.1000D+01  0.9199D-06  0.3286D-01 -0.1424D-01  328  Hyd
  1s   0.5939D+04  0.4404D+03  0.1000D+01  0.9680D-06  0.3403D-01 -0.1475D-01  328  Hyd
  1s   0.5939D+04  0.4404D+03  0.1000D+01  0.1019D-05  0.3523D-01 -0.1527D-01  328  Hyd
  1s   0.5939D+04  0.4404D+03  0.1000D+01  0.1072D-05  0.3648D-01 -0.1581D-01  328  Hyd
  1s   0.5939D+04  0.4404D+03  0.1000D+01  0.1128D-05  0.3778D-01 -0.1637D-01  328  Hyd
  1s   0.5939D+04  0.4404D+03  0.1000D+01  0.1187D-05  0.3911D-01 -0.1695D-01  328  Hyd
  1s   0.5939D+04  0.4404D+03  0.1000D+01  0.1249D-05  0.4049D-01 -0.1755D-01  328  Hyd
  1s   0.5939D+04  0.4404D+03  0.1000D+01  0.1314D-05  0.4192D-01 -0.1817D-01  328  Hyd
  1s   0.5939D+04  0.4404D+03  0.1000D+01  0.1382D-05  0.4340D-01 -0.1881D-01  328  Hyd
  1s   0.5939D+04  0.4404D+03  0.1000D+01  0.1454D-05  0.4494D-01 -0.1948D-01  328  Hyd
  1s   0.5939D+04  0.4404D+03  0.1000D+01  0.1530D-05  0.4652D-01 -0.2016D-01  328  Hyd
  1s   0.5939D+04  0.4404D+03  0.1000D+01  0.1609D-05  0.4816D-01 -0.2087D-01  328  Hyd
  1s   0.5939D+04  0.4404D+03  0.1000D+01  0.1693D-05  0.4985D-01 -0.2161D-01  328  Hyd
  1s   0.5939D+04  0.4404D+03  0.1000D+01  0.1780D-05  0.5161D-01 -0.2237D-01  328  Hyd
  1s   0.5939D+04  0.4404D+03  0.1000D+01  0.1873D-05  0.5342D-01 -0.2315D-01  328  Hyd
  1s   0.5939D+04  0.4404D+03  0.1000D+01  0.1970D-05  0.5530D-01 -0.2397D-01  328  Hyd
  1s   0.5939D+04  0.4404D+03  0.1000D+01  0.2072D-05  0.5724D-01 -0.2481D-01  328  Hyd
  1s   0.5939D+04  0.4404D+03  0.1000D+01  0.2179D-05  0.5925D-01 -0.2568D-01  328  Hyd
  1s   0.5939D+04  0.4404D+03  0.1000D+01  0.2292D-05  0.6133D-01 -0.2658D-01  328  Hyd
  1s   0.5939D+04  0.4404D+03  0.1000D+01  0.2410D-05  0.6348D-01 -0.2751D-01  328  Hyd
  1s   0.5939D+04  0.4404D+03  0.1000D+01  0.2535D-05  0.6570D-01 -0.2848D-01  328  Hyd
  1s   0.5939D+04  0.4404D+03  0.1000D+01  0.2666D-05  0.6800D-01 -0.2947D-01  328  Hyd
  1s   0.5939D+04  0.4404D+03  0.1000D+01  0.2803D-05  0.7039D-01 -0.3051D-01  328  Hyd
  1s   0.5939D+04  0.4404D+03  0.1000D+01  0.2948D-05  0.7285D-01 -0.3157D-01  328  Hyd
  1s   0.5939D+04  0.4404D+03  0.1000D+01  0.3100D-05  0.7540D-01 -0.3268D-01  328  Hyd
  1s   0.5939D+04  0.4404D+03  0.1000D+01  0.3260D-05  0.7804D-01 -0.3382D-01  328  Hyd
  1s   0.5939D+04  0.4404D+03  0.1000D+01  0.3429D-05  0.8077D-01 -0.3500D-01  328  Hyd
  1s   0.5939D+04  0.4404D+03  0.1000D+01  0.3605D-05  0.8359D-01 -0.3623D-01  328  Hyd
  1s   0.5939D+04  0.4404D+03  0.1000D+01  0.3791D-05  0.8651D-01 -0.3749D-01  328  Hyd
  1s   0.5939D+04  0.4404D+03  0.1000D+01  0.3987D-05  0.8953D-01 -0.3880D-01  328  Hyd
  1s   0.5939D+04  0.4404D+03  0.1000D+01  0.4192D-05  0.9266D-01 -0.4016D-01  328  Hyd
  1s   0.5939D+04  0.4404D+03  0.1000D+01  0.4408D-05  0.9590D-01 -0.4156D-01  328  Hyd
  1s   0.5939D+04  0.4404D+03  0.1000D+01  0.4635D-05  0.9925D-01 -0.4301D-01  328  Hyd
  1s   0.5939D+04  0.4404D+03  0.1000D+01  0.4874D-05  0.1027D+00 -0.4451D-01  328  Hyd
  1s   0.5939D+04  0.4404D+03  0.1000D+01  0.5125D-05  0.1063D+00 -0.4607D-01  328  Hyd
  1s   0.5939D+04  0.4404D+03  0.1000D+01  0.5389D-05  0.1100D+00 -0.4767D-01  328  Hyd
  1s   0.5939D+04  0.4404D+03  0.1000D+01  0.5666D-05  0.1138D+00 -0.4934D-01  328  Hyd
  1s   0.5939D+04  0.4404D+03  0.1000D+01  0.5957D-05  0.1178D+00 -0.5106D-01  328  Hyd
  1s   0.5939D+04  0.4404D+03  0.1000D+01  0.6264D-05  0.1219D+00 -0.5284D-01  328  Hyd
  1s   0.5939D+04  0.4404D+03  0.1000D+01  0.6586D-05  0.1262D+00 -0.5468D-01  328  Hyd
  1s   0.5939D+04  0.4404D+03  0.1000D+01  0.6925D-05  0.1306D+00 -0.5659D-01  328  Hyd
  1s   0.5939D+04  0.4404D+03  0.1000D+01  0.7281D-05  0.1351D+00 -0.5856D-01  328  Hyd
  1s   0.5939D+04  0.4404D+03  0.1000D+01  0.7655D-05  0.1398D+00 -0.6060D-01  328  Hyd
  1s   0.5939D+04  0.4404D+03  0.1000D+01  0.8049D-05  0.1447D+00 -0.6271D-01  328  Hyd
  1s   0.5939D+04  0.4404D+03  0.1000D+01  0.8462D-05  0.1497D+00 -0.6489D-01  328  Hyd
  1s   0.5939D+04  0.4404D+03  0.1000D+01  0.8897D-05  0.1549D+00 -0.6715D-01  328  Hyd
  1s   0.5939D+04  0.4404D+03  0.1000D+01  0.9354D-05  0.1603D+00 -0.6949D-01  328  Hyd
  1s   0.5939D+04  0.4404D+03  0.1000D+01  0.9835D-05  0.1659D+00 -0.7190D-01  328  Hyd
  1s   0.5939D+04  0.4404D+03  0.1000D+01  0.1034D-04  0.1717D+00 -0.7441D-01  328  Hyd
  1s   0.5939D+04  0.4404D+03  0.1000D+01  0.1087D-04  0.1777D+00 -0.7700D-01  328  Hyd
  1s   0.5939D+04  0.4404D+03  0.1000D+01  0.1143D-04  0.1838D+00 -0.7967D-01  328  Hyd
  1s   0.5939D+04  0.4404D+03  0.1000D+01  0.1202D-04  0.1902D+00 -0.8244D-01  328  Hyd
  1s   0.5939D+04  0.4404D+03  0.1000D+01  0.1263D-04  0.1968D+00 -0.8531D-01  328  Hyd
  1s   0.5939D+04  0.4404D+03  0.1000D+01  0.1328D-04  0.2037D+00 -0.8828D-01  328  Hyd
  1s   0.5939D+04  0.4404D+03  0.1000D+01  0.1396D-04  0.2108D+00 -0.9135D-01  328  Hyd
  1s   0.5939D+04  0.4404D+03  0.1000D+01  0.1468D-04  0.2181D+00 -0.9452D-01  328  Hyd
  1s   0.5939D+04  0.4404D+03  0.1000D+01  0.1544D-04  0.2257D+00 -0.9780D-01  328  Hyd
  1s   0.5939D+04  0.4404D+03  0.1000D+01  0.1623D-04  0.2335D+00 -0.1012D+00  328  Hyd
  1s   0.5939D+04  0.4404D+03  0.1000D+01  0.1706D-04  0.2416D+00 -0.1047D+00  328  Hyd
  1s   0.5939D+04  0.4404D+03  0.1000D+01  0.1794D-04  0.2500D+00 -0.1084D+00  328  Hyd
  1s   0.5939D+04  0.4404D+03  0.1000D+01  0.1886D-04  0.2587D+00 -0.1121D+00  328  Hyd
  1s   0.5939D+04  0.4404D+03  0.1000D+01  0.1983D-04  0.2677D+00 -0.1160D+00  328  Hyd
  1s   0.5939D+04  0.4404D+03  0.1000D+01  0.2084D-04  0.2770D+00 -0.1200D+00  328  Hyd
  1s   0.5939D+04  0.4404D+03  0.1000D+01  0.2191D-04  0.2866D+00 -0.1242D+00  328  Hyd
  1s   0.5939D+04  0.4404D+03  0.1000D+01  0.2304D-04  0.2965D+00 -0.1285D+00  328  Hyd
  1s   0.5939D+04  0.4404D+03  0.1000D+01  0.2422D-04  0.3068D+00 -0.1330D+00  328  Hyd
  1s   0.5939D+04  0.4404D+03  0.1000D+01  0.2546D-04  0.3174D+00 -0.1376D+00  328  Hyd
  1s   0.5939D+04  0.4404D+03  0.1000D+01  0.2677D-04  0.3284D+00 -0.1423D+00  328  Hyd
  1s   0.5939D+04  0.4404D+03  0.1000D+01  0.2814D-04  0.3398D+00 -0.1473D+00  328  Hyd
  1s   0.5939D+04  0.4404D+03  0.1000D+01  0.2959D-04  0.3516D+00 -0.1524D+00  328  Hyd
  1s   0.5939D+04  0.4404D+03  0.1000D+01  0.3110D-04  0.3638D+00 -0.1577D+00  328  Hyd
  1s   0.5939D+04  0.4404D+03  0.1000D+01  0.3270D-04  0.3764D+00 -0.1631D+00  328  Hyd
  1s   0.5939D+04  0.4404D+03  0.1000D+01  0.3438D-04  0.3894D+00 -0.1688D+00  328  Hyd
  1s   0.5939D+04  0.4404D+03  0.1000D+01  0.3614D-04  0.4029D+00 -0.1746D+00  328  Hyd
  1s   0.5939D+04  0.4404D+03  0.1000D+01  0.3799D-04  0.4168D+00 -0.1807D+00  328  Hyd
  1s   0.5939D+04  0.4404D+03  0.1000D+01  0.3994D-04  0.4312D+00 -0.1869D+00  328  Hyd
  1s   0.5939D+04  0.4404D+03  0.1000D+01  0.4199D-04  0.4462D+00 -0.1934D+00  328  Hyd
  1s   0.5939D+04  0.4404D+03  0.1000D+01  0.4415D-04  0.4616D+00 -0.2001D+00  328  Hyd
  1s   0.5939D+04  0.4404D+03  0.1000D+01  0.4641D-04  0.4775D+00 -0.2070D+00  328  Hyd
  1s   0.5939D+04  0.4404D+03  0.1000D+01  0.4879D-04  0.4940D+00 -0.2141D+00  328  Hyd
  1s   0.5939D+04  0.4404D+03  0.1000D+01  0.5129D-04  0.5111D+00 -0.2215D+00  328  Hyd
  1s   0.5939D+04  0.4404D+03  0.1000D+01  0.5393D-04  0.5287D+00 -0.2292D+00  328  Hyd
  1s   0.5939D+04  0.4404D+03  0.1000D+01  0.5669D-04  0.5470D+00 -0.2371D+00  328  Hyd
  1s   0.5939D+04  0.4404D+03  0.1000D+01  0.5960D-04  0.5658D+00 -0.2452D+00  328  Hyd
  1s   0.5939D+04  0.4404D+03  0.1000D+01  0.6266D-04  0.5854D+00 -0.2537D+00  328  Hyd
  1s   0.5939D+04  0.4404D+03  0.1000D+01  0.6587D-04  0.6055D+00 -0.2624D+00  328  Hyd
  1s   0.5939D+04  0.4404D+03  0.1000D+01  0.6925D-04  0.6264D+00 -0.2715D+00  328  Hyd
  1s   0.5939D+04  0.4404D+03  0.1000D+01  0.7280D-04  0.6479D+00 -0.2808D+00  328  Hyd
  1s   0.5939D+04  0.4404D+03  0.1000D+01  0.7653D-04  0.6702D+00 -0.2905D+00  328  Hyd
  1s   0.5939D+04  0.4404D+03  0.1000D+01  0.8046D-04  0.6933D+00 -0.3005D+00  328  Hyd
  1s   0.5939D+04  0.4404D+03  0.1000D+01  0.8458D-04  0.7171D+00 -0.3108D+00  328  Hyd
  1s   0.5939D+04  0.4404D+03  0.1000D+01  0.8892D-04  0.7417D+00 -0.3215D+00  328  Hyd
  1s   0.5939D+04  0.4404D+03  0.1000D+01  0.9348D-04  0.7672D+00 -0.3325D+00  328  Hyd
  1s   0.5939D+04  0.4404D+03  0.1000D+01  0.9828D-04  0.7935D+00 -0.3439D+00  328  Hyd
  1s   0.5939D+04  0.4404D+03  0.1000D+01  0.1033D-03  0.8207D+00 -0.3557D+00  328  Hyd
  1s   0.5939D+04  0.4404D+03  0.1000D+01  0.1086D-03  0.8488D+00 -0.3679D+00  328  Hyd
  1s   0.5939D+04  0.4404D+03  0.1000D+01  0.1142D-03  0.8778D+00 -0.3804D+00  328  Hyd
  1s   0.5939D+04  0.4404D+03  0.1000D+01  0.1200D-03  0.9078D+00 -0.3934D+00  328  Hyd
  1s   0.5939D+04  0.4404D+03  0.1000D+01  0.1262D-03  0.9388D+00 -0.4069D+00  328  Hyd
  1s   0.5939D+04  0.4404D+03  0.1000D+01  0.1327D-03  0.9708D+00 -0.4208D+00  328  Hyd
  1s   0.5939D+04  0.4404D+03  0.1000D+01  0.1395D-03  0.1004D+01 -0.4351D+00  328  Hyd
  1s   0.5939D+04  0.4404D+03  0.1000D+01  0.1466D-03  0.1038D+01 -0.4499D+00  328  Hyd
  1s   0.5939D+04  0.4404D+03  0.1000D+01  0.1541D-03  0.1073D+01 -0.4652D+00  328  Hyd
  1s   0.5939D+04  0.4404D+03  0.1000D+01  0.1620D-03  0.1110D+01 -0.4810D+00  328  Hyd
  1s   0.5939D+04  0.4404D+03  0.1000D+01  0.1704D-03  0.1147D+01 -0.4973D+00  328  Hyd
  1s   0.5939D+04  0.4404D+03  0.1000D+01  0.1791D-03  0.1186D+01 -0.5142D+00  328  Hyd
  1s   0.5939D+04  0.4404D+03  0.1000D+01  0.1883D-03  0.1226D+01 -0.5316D+00  328  Hyd
  1s   0.5939D+04  0.4404D+03  0.1000D+01  0.1979D-03  0.1268D+01 -0.5495D+00  328  Hyd
  1s   0.5939D+04  0.4404D+03  0.1000D+01  0.2081D-03  0.1311D+01 -0.5681D+00  328  Hyd
  1s   0.5939D+04  0.4404D+03  0.1000D+01  0.2187D-03  0.1355D+01 -0.5872D+00  328  Hyd
  1s   0.5939D+04  0.4404D+03  0.1000D+01  0.2300D-03  0.1400D+01 -0.6069D+00  328  Hyd
  1s   0.5939D+04  0.4404D+03  0.1000D+01  0.2417D-03  0.1447D+01 -0.6273D+00  328  Hyd
  1s   0.5939D+04  0.4404D+03  0.1000D+01  0.2541D-03  0.1496D+01 -0.6483D+00  328  Hyd
  1s   0.5939D+04  0.4404D+03  0.1000D+01  0.2672D-03  0.1546D+01 -0.6700D+00  328  Hyd
  1s   0.5939D+04  0.4404D+03  0.1000D+01  0.2809D-03  0.1597D+01 -0.6923D+00  328  Hyd
  1s   0.5939D+04  0.4404D+03  0.1000D+01  0.2953D-03  0.1651D+01 -0.7154D+00  328  Hyd
  1s   0.5939D+04  0.4404D+03  0.1000D+01  0.3104D-03  0.1705D+01 -0.7391D+00  328  Hyd
  1s   0.5939D+04  0.4404D+03  0.1000D+01  0.3263D-03  0.1762D+01 -0.7636D+00  328  Hyd
  1s   0.5939D+04  0.4404D+03  0.1000D+01  0.3431D-03  0.1820D+01 -0.7889D+00  328  Hyd
  1s   0.5939D+04  0.4404D+03  0.1000D+01  0.3607D-03  0.1880D+01 -0.8149D+00  328  Hyd
  1s   0.5939D+04  0.4404D+03  0.1000D+01  0.3791D-03  0.1942D+01 -0.8417D+00  328  Hyd
  1s   0.5939D+04  0.4404D+03  0.1000D+01  0.3986D-03  0.2006D+01 -0.8692D+00  328  Hyd
  1s   0.5939D+04  0.4404D+03  0.1000D+01  0.4190D-03  0.2071D+01 -0.8976D+00  328  Hyd
  1s   0.5939D+04  0.4404D+03  0.1000D+01  0.4405D-03  0.2139D+01 -0.9269D+00  328  Hyd
  1s   0.5939D+04  0.4404D+03  0.1000D+01  0.4631D-03  0.2208D+01 -0.9569D+00  328  Hyd
  1s   0.5939D+04  0.4404D+03  0.1000D+01  0.4868D-03  0.2279D+01 -0.9879D+00  328  Hyd
  1s   0.5939D+04  0.4404D+03  0.1000D+01  0.5118D-03  0.2353D+01 -0.1020D+01  328  Hyd
  1s   0.5939D+04  0.4404D+03  0.1000D+01  0.5380D-03  0.2428D+01 -0.1052D+01  328  Hyd
  1s   0.5939D+04  0.4404D+03  0.1000D+01  0.5656D-03  0.2506D+01 -0.1086D+01  328  Hyd
  1s   0.5939D+04  0.4404D+03  0.1000D+01  0.5946D-03  0.2585D+01 -0.1120D+01  328  Hyd
  1s   0.5939D+04  0.4404D+03  0.1000D+01  0.6251D-03  0.2667D+01 -0.1156D+01  328  Hyd
  1s   0.5939D+04  0.4404D+03  0.1000D+01  0.6572D-03  0.2751D+01 -0.1192D+01  328  Hyd
  1s   0.5939D+04  0.4404D+03  0.1000D+01  0.6909D-03  0.2837D+01 -0.1230D+01  328  Hyd
  1s   0.5939D+04  0.4404D+03  0.1000D+01  0.7263D-03  0.2925D+01 -0.1268D+01  328  Hyd
  1s   0.5939D+04  0.4404D+03  0.1000D+01  0.7635D-03  0.3016D+01 -0.1307D+01  328  Hyd
  1s   0.5939D+04  0.4404D+03  0.1000D+01  0.8027D-03  0.3109D+01 -0.1347D+01  328  Hyd
  1s   0.5939D+04  0.4404D+03  0.1000D+01  0.8438D-03  0.3204D+01 -0.1388D+01  328  Hyd
  1s   0.5939D+04  0.4404D+03  0.1000D+01  0.8871D-03  0.3301D+01 -0.1430D+01  328  Hyd
  1s   0.5939D+04  0.4404D+03  0.1000D+01  0.9326D-03  0.3400D+01 -0.1474D+01  328  Hyd
  1s   0.5939D+04  0.4404D+03  0.1000D+01  0.9804D-03  0.3501D+01 -0.1518D+01  328  Hyd
  1s   0.5939D+04  0.4404D+03  0.1000D+01  0.1031D-02  0.3605D+01 -0.1562D+01  328  Hyd
  1s   0.5939D+04  0.4404D+03  0.1000D+01  0.1084D-02  0.3711D+01 -0.1608D+01  328  Hyd
  1s   0.5939D+04  0.4404D+03  0.1000D+01  0.1139D-02  0.3818D+01 -0.1655D+01  328  Hyd
  1s   0.5939D+04  0.4404D+03  0.1000D+01  0.1197D-02  0.3928D+01 -0.1703D+01  328  Hyd
  1s   0.5939D+04  0.4404D+03  0.1000D+01  0.1259D-02  0.4040D+01 -0.1751D+01  328  Hyd
  1s   0.5939D+04  0.4404D+03  0.1000D+01  0.1323D-02  0.4154D+01 -0.1800D+01  328  Hyd
  1s   0.5939D+04  0.4404D+03  0.1000D+01  0.1391D-02  0.4269D+01 -0.1850D+01  328  Hyd
  1s   0.5939D+04  0.4404D+03  0.1000D+01  0.1463D-02  0.4386D+01 -0.1901D+01  328  Hyd
  1s   0.5939D+04  0.4404D+03  0.1000D+01  0.1538D-02  0.4505D+01 -0.1952D+01  328  Hyd
  1s   0.5939D+04  0.4404D+03  0.1000D+01  0.1616D-02  0.4625D+01 -0.2004D+01  328  Hyd
  1s   0.5939D+04  0.4404D+03  0.1000D+01  0.1699D-02  0.4746D+01 -0.2057D+01  328  Hyd
  1s   0.5939D+04  0.4404D+03  0.1000D+01  0.1786D-02  0.4869D+01 -0.2110D+01  328  Hyd
  1s   0.5939D+04  0.4404D+03  0.1000D+01  0.1878D-02  0.4992D+01 -0.2164D+01  328  Hyd
  1s   0.5939D+04  0.4404D+03  0.1000D+01  0.1974D-02  0.5116D+01 -0.2217D+01  328  Hyd
  1s   0.5939D+04  0.4404D+03  0.1000D+01  0.2076D-02  0.5241D+01 -0.2271D+01  328  Hyd
  1s   0.5939D+04  0.4404D+03  0.1000D+01  0.2182D-02  0.5365D+01 -0.2325D+01  328  Hyd
  1s   0.5939D+04  0.4404D+03  0.1000D+01  0.2294D-02  0.5490D+01 -0.2380D+01  328  Hyd
  1s   0.5939D+04  0.4404D+03  0.1000D+01  0.2411D-02  0.5615D+01 -0.2433D+01  328  Hyd
  1s   0.5939D+04  0.4404D+03  0.1000D+01  0.2535D-02  0.5739D+01 -0.2487D+01  328  Hyd
  1s   0.5939D+04  0.4404D+03  0.1000D+01  0.2665D-02  0.5862D+01 -0.2540D+01  328  Hyd
  1s   0.5939D+04  0.4404D+03  0.1000D+01  0.2802D-02  0.5983D+01 -0.2593D+01  328  Hyd
  1s   0.5939D+04  0.4404D+03  0.1000D+01  0.2945D-02  0.6103D+01 -0.2645D+01  328  Hyd
  1s   0.5939D+04  0.4404D+03  0.1000D+01  0.3096D-02  0.6221D+01 -0.2696D+01  328  Hyd
  1s   0.5939D+04  0.4404D+03  0.1000D+01  0.3255D-02  0.6335D+01 -0.2746D+01  328  Hyd
  1s   0.5939D+04  0.4404D+03  0.1000D+01  0.3422D-02  0.6447D+01 -0.2794D+01  328  Hyd
  1s   0.5939D+04  0.4404D+03  0.1000D+01  0.3597D-02  0.6556D+01 -0.2841D+01  328  Hyd
  1s   0.5939D+04  0.4404D+03  0.1000D+01  0.3782D-02  0.6660D+01 -0.2886D+01  328  Hyd
  1s   0.5939D+04  0.4404D+03  0.1000D+01  0.3976D-02  0.6759D+01 -0.2929D+01  328  Hyd
  1s   0.5939D+04  0.4404D+03  0.1000D+01  0.4180D-02  0.6853D+01 -0.2970D+01  328  Hyd
  1s   0.5939D+04  0.4404D+03  0.1000D+01  0.4394D-02  0.6941D+01 -0.3008D+01  328  Hyd
  1s   0.5939D+04  0.4404D+03  0.1000D+01  0.4619D-02  0.7022D+01 -0.3043D+01  328  Hyd
  1s   0.5939D+04  0.4404D+03  0.1000D+01  0.4856D-02  0.7096D+01 -0.3076D+01  328  Hyd
  1s   0.5939D+04  0.4404D+03  0.1000D+01  0.5105D-02  0.7162D+01 -0.3104D+01  328  Hyd
  1s   0.5939D+04  0.4404D+03  0.1000D+01  0.5367D-02  0.7220D+01 -0.3129D+01  328  Hyd
  1s   0.5939D+04  0.4404D+03  0.1000D+01  0.5642D-02  0.7268D+01 -0.3150D+01  328  Hyd
  1s   0.5939D+04  0.4404D+03  0.1000D+01  0.5931D-02  0.7307D+01 -0.3167D+01  328  Hyd
  1s   0.5939D+04  0.4404D+03  0.1000D+01  0.6235D-02  0.7334D+01 -0.3179D+01  328  Hyd
  1s   0.5939D+04  0.4404D+03  0.1000D+01  0.6555D-02  0.7351D+01 -0.3186D+01  328  Hyd
  1s   0.5939D+04  0.4404D+03  0.1000D+01  0.6891D-02  0.7355D+01 -0.3188D+01  328  Hyd
  1s   0.5939D+04  0.4404D+03  0.1000D+01  0.7244D-02  0.7347D+01 -0.3184D+01  328  Hyd
  1s   0.5939D+04  0.4404D+03  0.1000D+01  0.7616D-02  0.7325D+01 -0.3175D+01  328  Hyd
  1s   0.5939D+04  0.4404D+03  0.1000D+01  0.8006D-02  0.7289D+01 -0.3159D+01  328  Hyd
  1s   0.5939D+04  0.4404D+03  0.1000D+01  0.8417D-02  0.7239D+01 -0.3138D+01  328  Hyd
  1s   0.5939D+04  0.4404D+03  0.1000D+01  0.8848D-02  0.7175D+01 -0.3110D+01  328  Hyd
  1s   0.5939D+04  0.4404D+03  0.1000D+01  0.9302D-02  0.7095D+01 -0.3075D+01  328  Hyd
  1s   0.5939D+04  0.4404D+03  0.1000D+01  0.9779D-02  0.7000D+01 -0.3034D+01  328  Hyd
  1s   0.5939D+04  0.4404D+03  0.1000D+01  0.1028D-01  0.6889D+01 -0.2986D+01  328  Hyd
  1s   0.5939D+04  0.4404D+03  0.1000D+01  0.1081D-01  0.6763D+01 -0.2931D+01  328  Hyd
  1s   0.5939D+04  0.4404D+03  0.1000D+01  0.1136D-01  0.6621D+01 -0.2869D+01  328  Hyd
  1s   0.5939D+04  0.4404D+03  0.1000D+01  0.1194D-01  0.6463D+01 -0.2801D+01  328  Hyd
  1s   0.5939D+04  0.4404D+03  0.1000D+01  0.1256D-01  0.6291D+01 -0.2726D+01  328  Hyd
  1s   0.5939D+04  0.4404D+03  0.1000D+01  0.1320D-01  0.6104D+01 -0.2645D+01  328  Hyd
  1s   0.5939D+04  0.4404D+03  0.1000D+01  0.1388D-01  0.5903D+01 -0.2558D+01  328  Hyd
  1s   0.5939D+04  0.4404D+03  0.1000D+01  0.1459D-01  0.5688D+01 -0.2465D+01  328  Hyd
  1s   0.5939D+04  0.4404D+03  0.1000D+01  0.1534D-01  0.5462D+01 -0.2367D+01  328  Hyd
  1s   0.5939D+04  0.4404D+03  0.1000D+01  0.1612D-01  0.5225D+01 -0.2264D+01  328  Hyd
  1s   0.5939D+04  0.4404D+03  0.1000D+01  0.1695D-01  0.4977D+01 -0.2157D+01  328  Hyd
  1s   0.5939D+04  0.4404D+03  0.1000D+01  0.1782D-01  0.4722D+01 -0.2046D+01  328  Hyd
  1s   0.5939D+04  0.4404D+03  0.1000D+01  0.1873D-01  0.4459D+01 -0.1933D+01  328  Hyd
  1s   0.5939D+04  0.4404D+03  0.1000D+01  0.1969D-01  0.4192D+01 -0.1817D+01  328  Hyd
  1s   0.5939D+04  0.4404D+03  0.1000D+01  0.2070D-01  0.3921D+01 -0.1699D+01  328  Hyd
  1s   0.5939D+04  0.4404D+03  0.1000D+01  0.2176D-01  0.3649D+01 -0.1581D+01  328  Hyd
  1s   0.5939D+04  0.4404D+03  0.1000D+01  0.2288D-01  0.3377D+01 -0.1464D+01  328  Hyd
  1s   0.5939D+04  0.4404D+03  0.1000D+01  0.2405D-01  0.3108D+01 -0.1347D+01  328  Hyd
  1s   0.5939D+04  0.4404D+03  0.1000D+01  0.2529D-01  0.2843D+01 -0.1232D+01  328  Hyd
  1s   0.5939D+04  0.4404D+03  0.1000D+01  0.2658D-01  0.2584D+01 -0.1120D+01  328  Hyd
  1s   0.5939D+04  0.4404D+03  0.1000D+01  0.2794D-01  0.2333D+01 -0.1011D+01  328  Hyd
  1s   0.5939D+04  0.4404D+03  0.1000D+01  0.2938D-01  0.2092D+01 -0.9067D+00  328  Hyd
  1s   0.5939D+04  0.4404D+03  0.1000D+01  0.3088D-01  0.1862D+01 -0.8071D+00  328  Hyd
  1s   0.5939D+04  0.4404D+03  0.1000D+01  0.3247D-01  0.1645D+01 -0.7128D+00  328  Hyd
  1s   0.5939D+04  0.4404D+03  0.1000D+01  0.3413D-01  0.1441D+01 -0.6245D+00  328  Hyd
  1s   0.5939D+04  0.4404D+03  0.1000D+01  0.3588D-01  0.1252D+01 -0.5425D+00  328  Hyd
  1s   0.5939D+04  0.4404D+03  0.1000D+01  0.3772D-01  0.1078D+01 -0.4670D+00  328  Hyd
  1s   0.5939D+04  0.4404D+03  0.1000D+01  0.3966D-01  0.9190D+00 -0.3983D+00  328  Hyd
  1s   0.5939D+04  0.4404D+03  0.1000D+01  0.4169D-01  0.7760D+00 -0.3363D+00  328  Hyd
  1s   0.5939D+04  0.4404D+03  0.1000D+01  0.4383D-01  0.6484D+00 -0.2810D+00  328  Hyd
  1s   0.5939D+04  0.4404D+03  0.1000D+01  0.4607D-01  0.5360D+00 -0.2323D+00  328  Hyd
  1s   0.5939D+04  0.4404D+03  0.1000D+01  0.4843D-01  0.4379D+00 -0.1898D+00  328  Hyd
  1s   0.5939D+04  0.4404D+03  0.1000D+01  0.5092D-01  0.3535D+00 -0.1532D+00  328  Hyd
  1s   0.5939D+04  0.4404D+03  0.1000D+01  0.5353D-01  0.2817D+00 -0.1221D+00  328  Hyd
  1s   0.5939D+04  0.4404D+03  0.1000D+01  0.5627D-01  0.2216D+00 -0.9603D-01  328  Hyd
  1s   0.5939D+04  0.4404D+03  0.1000D+01  0.5916D-01  0.1718D+00 -0.7446D-01  328  Hyd
  1s   0.5939D+04  0.4404D+03  0.1000D+01  0.6219D-01  0.1313D+00 -0.5689D-01  328  Hyd
  1s   0.5939D+04  0.4404D+03  0.1000D+01  0.6538D-01  0.9875D-01 -0.4280D-01  328  Hyd
  1s   0.5939D+04  0.4404D+03  0.1000D+01  0.6873D-01  0.7308D-01 -0.3167D-01  328  Hyd
  1s   0.5939D+04  0.4404D+03  0.1000D+01  0.7226D-01  0.5316D-01 -0.2304D-01  328  Hyd
  1s   0.5939D+04  0.4404D+03  0.1000D+01  0.7596D-01  0.3798D-01 -0.1646D-01  328  Hyd
  1s   0.5939D+04  0.4404D+03  0.1000D+01  0.7986D-01  0.2662D-01 -0.1154D-01  328  Hyd
  1s   0.5939D+04  0.4404D+03  0.1000D+01  0.8395D-01  0.1829D-01 -0.7929D-02  328  Hyd
  1s   0.5939D+04  0.4404D+03  0.1000D+01  0.8825D-01  0.1231D-01 -0.5335D-02  328  Hyd
  1s   0.5939D+04  0.4404D+03  0.1000D+01  0.9278D-01  0.8101D-02 -0.3511D-02  328  Hyd
  1s   0.5939D+04  0.4404D+03  0.1000D+01  0.9754D-01  0.5210D-02 -0.2258D-02  328  Hyd
  1s   0.5939D+04  0.4404D+03  0.1000D+01  0.1025D+00  0.3269D-02 -0.1417D-02  328  Hyd
  1s   0.5939D+04  0.4404D+03  0.1000D+01  0.1078D+00  0.2000D-02 -0.8668D-03  328  Hyd
  1s   0.5939D+04  0.4404D+03  0.1000D+01  0.1133D+00  0.1191D-02 -0.5161D-03  328  Hyd
  1s   0.5939D+04  0.4404D+03  0.1000D+01  0.1191D+00  0.6892D-03 -0.2987D-03  328  Hyd
  1s   0.5939D+04  0.4404D+03  0.1000D+01  0.1252D+00  0.3872D-03 -0.1678D-03  328  Hyd
  1s   0.5939D+04  0.4404D+03  0.1000D+01  0.1317D+00  0.2108D-03 -0.9137D-04  328  Hyd
  1s   0.5939D+04  0.4404D+03  0.1000D+01  0.1384D+00  0.1111D-03 -0.4814D-04  328  Hyd
  1s   0.5939D+04  0.4404D+03  0.1000D+01  0.1455D+00  0.5653D-04 -0.2450D-04  328  Hyd
  1s   0.5939D+04  0.4404D+03  0.1000D+01  0.1530D+00  0.2774D-04 -0.1202D-04  328  Hyd
  1s   0.5939D+04  0.4404D+03  0.1000D+01  0.1608D+00  0.1310D-04 -0.5678D-05  328  Hyd
  1s   0.5939D+04  0.4404D+03  0.1000D+01  0.1691D+00  0.5944D-05 -0.2576D-05  328  Hyd
  1s   0.5939D+04  0.4404D+03  0.1000D+01  0.1777D+00  0.2585D-05 -0.1121D-05  328  Hyd
  1s   0.5939D+04  0.4404D+03  0.1000D+01  0.1868D+00  0.1076D-05 -0.4662D-06  328  Hyd
  1s   0.5939D+04  0.4404D+03  0.1000D+01  0.1964D+00  0.4270D-06 -0.1851D-06  328  Hyd
  1s   0.5939D+04  0.4404D+03  0.1000D+01  0.2065D+00  0.1614D-06 -0.6996D-07  328  Hyd
  1s   0.5939D+04  0.4404D+03  0.1000D+01  0.2171D+00  0.5795D-07 -0.2512D-07  328  Hyd
  1s   0.5939D+04  0.4404D+03  0.1000D+01  0.2282D+00  0.1970D-07 -0.8540D-08  328  Hyd
  1s   0.5939D+04  0.4404D+03  0.1000D+01  0.2399D+00  0.6328D-08 -0.2743D-08  328  Hyd
  1s   0.5939D+04  0.4404D+03  0.1000D+01  0.2522D+00  0.1914D-08 -0.8295D-09  328  Hyd
